"gene_symbol" "cumFraction" "rank" "indicator"
"ENSMUSG00000058600" 0.00804774998323385 120 1
"ENSMUSG00000061315" 0.00905371873113809 135 1
"ENSMUSG00000003477" 0.00925491248071893 138 1
"ENSMUSG00000023078" 0.0138823687210784 207 1
"ENSMUSG00000016998" 0.0177050499631145 264 1
"ENSMUSG00000022136" 0.0219971832875059 328 1
"ENSMUSG00000084786" 0.022667829119442 338 1
"ENSMUSG00000050856" 0.0256186707799611 382 1
"ENSMUSG00000029838" 0.0264234457782845 394 1
"ENSMUSG00000027006" 0.0270940916102206 404 1
"ENSMUSG00000031231" 0.0298437395211589 445 1
"ENSMUSG00000028249" 0.0375561665884247 560 1
"ENSMUSG00000073889" 0.0391657165850714 584 1
"ENSMUSG00000002602" 0.0433907853262692 647 1
"ENSMUSG00000059824" 0.0526456978069881 785 1
"ENSMUSG00000038502" 0.052846891556569 788 1
"ENSMUSG00000038374" 0.0582120582120582 868 1
"ENSMUSG00000037772" 0.0595533498759305 888 1
"ENSMUSG00000031007" 0.0607605123734156 906 1
"ENSMUSG00000071072" 0.0622359332036751 928 1
"ENSMUSG00000032239" 0.0629065790356113 938 1
"ENSMUSG00000031490" 0.0775937227550131 1157 1
"ENSMUSG00000021124" 0.0779961102541748 1163 1
"ENSMUSG00000048578" 0.0796056602508215 1187 1
"ENSMUSG00000020993" 0.0801421769163705 1195 1
"ENSMUSG00000020088" 0.0805445644155321 1201 1
"ENSMUSG00000051355" 0.0813493394138555 1213 1
"ENSMUSG00000037712" 0.0861109248206022 1284 1
"ENSMUSG00000000787" 0.0889276373147341 1326 1
"ENSMUSG00000020994" 0.0909395748105425 1356 1
"ENSMUSG00000027479" 0.0914760914760915 1364 1
"ENSMUSG00000033429" 0.0941586748038361 1404 1
"ENSMUSG00000024327" 0.0945610623029978 1410 1
"ENSMUSG00000002289" 0.0979813560458722 1461 1
"ENSMUSG00000018340" 0.100127422708068 1493 1
"ENSMUSG00000022186" 0.101200456039166 1509 1
"ENSMUSG00000027199" 0.101401649788747 1512 1
"ENSMUSG00000020485" 0.106900945610623 1594 1
"ENSMUSG00000037710" 0.110321239353497 1645 1
"ENSMUSG00000028772" 0.110522433103078 1648 1
"ENSMUSG00000020232" 0.113942726845953 1699 1
"ENSMUSG00000057236" 0.114278049761921 1704 1
"ENSMUSG00000051319" 0.116088793508148 1731 1
"ENSMUSG00000037740" 0.118436053919925 1766 1
"ENSMUSG00000006998" 0.12131983099725 1809 1
"ENSMUSG00000007415" 0.125544899738448 1872 1
"ENSMUSG00000028800" 0.126215545570384 1882 1
"ENSMUSG00000002768" 0.127489772651063 1901 1
"ENSMUSG00000042198" 0.131312453893099 1958 1
"ENSMUSG00000007880" 0.138421299711622 2064 1
"ENSMUSG00000040022" 0.140097914291463 2089 1
"ENSMUSG00000015672" 0.14023204345785 2091 1
"ENSMUSG00000026131" 0.141036818456173 2103 1
"ENSMUSG00000015165" 0.148749245523439 2218 1
"ENSMUSG00000051510" 0.149084568439407 2223 1
"ENSMUSG00000033227" 0.149956408020924 2236 1
"ENSMUSG00000022521" 0.157802964254577 2353 1
"ENSMUSG00000014301" 0.172154785058011 2567 1
"ENSMUSG00000029213" 0.181074374622762 2700 1
"ENSMUSG00000016308" 0.18234860170344 2719 1
"ENSMUSG00000022389" 0.190597545436255 2842 1
"ENSMUSG00000038055" 0.201193749580846 3000 1
"ENSMUSG00000019761" 0.211119307893501 3148 1
"ENSMUSG00000073684" 0.214338407886795 3196 1
"ENSMUSG00000031563" 0.222319093286835 3315 1
"ENSMUSG00000027364" 0.224532224532225 3348 1
"ENSMUSG00000032327" 0.231641070350748 3454 1
"ENSMUSG00000024392" 0.234591912011267 3498 1
"ENSMUSG00000028214" 0.237945141170948 3548 1
"ENSMUSG00000063273" 0.238280464086916 3553 1
"ENSMUSG00000025498" 0.239420562001207 3570 1
"ENSMUSG00000042207" 0.240426530749111 3585 1
"ENSMUSG00000010067" 0.243913889075179 3637 1
"ENSMUSG00000001288" 0.244450405740728 3645 1
"ENSMUSG00000034845" 0.245925826570988 3667 1
"ENSMUSG00000020519" 0.262222520287036 3910 1
"ENSMUSG00000041415" 0.262960230702166 3921 1
"ENSMUSG00000004100" 0.26933136610556 4016 1
"ENSMUSG00000045210" 0.27027027027027 4030 1
"ENSMUSG00000059586" 0.271142109851787 4043 1
"ENSMUSG00000003541" 0.273690564013145 4081 1
"ENSMUSG00000029439" 0.274361209845081 4091 1
"ENSMUSG00000001131" 0.276373147340889 4121 1
"ENSMUSG00000030180" 0.277446180671987 4137 1
"ENSMUSG00000031441" 0.278519214003085 4153 1
"ENSMUSG00000096199" 0.279458118167796 4167 1
"ENSMUSG00000039943" 0.282006572329153 4205 1
"ENSMUSG00000045411" 0.283817316075381 4232 1
"ENSMUSG00000037652" 0.283884380658574 4233 1
"ENSMUSG00000021540" 0.283951445241768 4234 1
"ENSMUSG00000079508" 0.287438803567836 4286 1
"ENSMUSG00000033022" 0.304808530614982 4545 1
"ENSMUSG00000085604" 0.31050902018644 4630 1
"ENSMUSG00000110945" 0.316880155589833 4725 1
"ENSMUSG00000037331" 0.318087318087318 4743 1
"ENSMUSG00000018395" 0.318959157668835 4756 1
"ENSMUSG00000046324" 0.321708805579773 4797 1
"ENSMUSG00000023067" 0.322848903494065 4814 1
"ENSMUSG00000055320" 0.323586613909195 4825 1
"ENSMUSG00000023156" 0.32888471598149 4904 1
"ENSMUSG00000025228" 0.331366105559654 4941 1
"ENSMUSG00000018415" 0.333243913889075 4969 1
"ENSMUSG00000049124" 0.337334853463886 5030 1
"ENSMUSG00000038210" 0.345516732613507 5152 1
"ENSMUSG00000018239" 0.34779692844209 5186 1
"ENSMUSG00000048175" 0.348400509690832 5195 1
"ENSMUSG00000048497" 0.349808865937898 5216 1
"ENSMUSG00000027624" 0.3518878680169 5247 1
"ENSMUSG00000003949" 0.352290255516062 5253 1
"ENSMUSG00000069114" 0.355509355509355 5301 1
"ENSMUSG00000036968" 0.367715109650594 5483 1
"ENSMUSG00000067787" 0.368452820065723 5494 1
"ENSMUSG00000090083" 0.370129434645564 5519 1
"ENSMUSG00000000134" 0.372342565890953 5552 1
"ENSMUSG00000021978" 0.379585540875863 5660 1
"ENSMUSG00000020680" 0.381731607538059 5692 1
"ENSMUSG00000074896" 0.383542351284287 5719 1
"ENSMUSG00000038025" 0.390315874186842 5820 1
"ENSMUSG00000042608" 0.393266715847361 5864 1
"ENSMUSG00000037851" 0.399101334585206 5951 1
"ENSMUSG00000048826" 0.400710884581852 5975 1
"ENSMUSG00000027201" 0.404131178324727 6026 1
"ENSMUSG00000036686" 0.417275836630675 6222 1
"ENSMUSG00000055723" 0.420360807457582 6268 1
"ENSMUSG00000037395" 0.421903292871035 6291 1
"ENSMUSG00000022676" 0.423311649118101 6312 1
"ENSMUSG00000028381" 0.424921199114748 6336 1
"ENSMUSG00000021738" 0.428408557440816 6388 1
"ENSMUSG00000022724" 0.430688753269398 6422 1
"ENSMUSG00000026771" 0.431426463684528 6433 1
"ENSMUSG00000020525" 0.431694722017303 6437 1
"ENSMUSG00000075410" 0.432030044933271 6442 1
"ENSMUSG00000025413" 0.440413117832473 6567 1
"ENSMUSG00000026571" 0.443162765743411 6608 1
"ENSMUSG00000039270" 0.445241767822413 6639 1
"ENSMUSG00000026427" 0.447320769901415 6670 1
"ENSMUSG00000041731" 0.447723157400577 6676 1
"ENSMUSG00000029034" 0.453088324056066 6756 1
"ENSMUSG00000028862" 0.456575682382134 6808 1
"ENSMUSG00000033124" 0.457313392797264 6819 1
"ENSMUSG00000055978" 0.459325330293072 6849 1
"ENSMUSG00000042644" 0.467037757360338 6964 1
"ENSMUSG00000003352" 0.467373080276306 6969 1
"ENSMUSG00000020691" 0.471396955267923 7029 1
"ENSMUSG00000024983" 0.472067601099859 7039 1
"ENSMUSG00000033991" 0.472671182348602 7048 1
"ENSMUSG00000021972" 0.478438736503253 7134 1
"ENSMUSG00000040945" 0.479444705251157 7149 1
"ENSMUSG00000021047" 0.48970558647978 7302 1
"ENSMUSG00000037366" 0.491717523975588 7332 1
"ENSMUSG00000036622" 0.492723492723493 7347 1
"ENSMUSG00000031171" 0.493125880222654 7353 1
"ENSMUSG00000025650" 0.493394138555429 7357 1
"ENSMUSG00000041688" 0.495339011468044 7386 1
"ENSMUSG00000026596" 0.50083830728992 7468 1
"ENSMUSG00000038729" 0.505331634363892 7535 1
"ENSMUSG00000056536" 0.509757896854671 7601 1
"ENSMUSG00000028890" 0.511903963516867 7633 1
"ENSMUSG00000022159" 0.519884648916907 7752 1
"ENSMUSG00000045078" 0.521695392663135 7779 1
"ENSMUSG00000028247" 0.523573200992556 7807 1
"ENSMUSG00000033488" 0.525115686406009 7830 1
"ENSMUSG00000045930" 0.527597075984173 7867 1
"ENSMUSG00000074829" 0.527865334316947 7871 1
"ENSMUSG00000034593" 0.532895178056468 7946 1
"ENSMUSG00000046814" 0.53477298638589 7974 1
"ENSMUSG00000036002" 0.545704513446449 8137 1
"ENSMUSG00000026974" 0.554758232177587 8272 1
"ENSMUSG00000027439" 0.555764200925491 8287 1
"ENSMUSG00000038022" 0.561330561330561 8370 1
"ENSMUSG00000029500" 0.562873046744015 8393 1
"ENSMUSG00000031974" 0.56964656964657 8494 1
"ENSMUSG00000069094" 0.573066863389444 8545 1
"ENSMUSG00000034771" 0.573200992555831 8547 1
"ENSMUSG00000005225" 0.576420092549125 8595 1
"ENSMUSG00000034601" 0.577895513379384 8617 1
"ENSMUSG00000058486" 0.580443967540742 8655 1
"ENSMUSG00000079555" 0.581449936288646 8670 1
"ENSMUSG00000040616" 0.591308430018107 8817 1
"ENSMUSG00000037032" 0.592716786265173 8838 1
"ENSMUSG00000011008" 0.596338273757629 8892 1
"ENSMUSG00000019863" 0.596606532090403 8896 1
"ENSMUSG00000005897" 0.601032794581182 8962 1
"ENSMUSG00000028656" 0.602441150828248 8983 1
"ENSMUSG00000042507" 0.604453088324056 9013 1
"ENSMUSG00000060044" 0.604654282073637 9016 1
"ENSMUSG00000070639" 0.614244517470324 9159 1
"ENSMUSG00000027420" 0.627657434109047 9359 1
"ENSMUSG00000039377" 0.633626182013279 9448 1
"ENSMUSG00000059791" 0.63402856951244 9454 1
"ENSMUSG00000071266" 0.65461739655288 9761 1
"ENSMUSG00000043153" 0.66239688820334 9877 1
"ENSMUSG00000014158" 0.663872309033599 9899 1
"ENSMUSG00000078908" 0.672657769431963 10030 1
"ENSMUSG00000072258" 0.675541546509288 10073 1
"ENSMUSG00000013150" 0.67741935483871 10101 1
"ENSMUSG00000052928" 0.679632486084099 10134 1
"ENSMUSG00000048747" 0.683253973576554 10188 1
"ENSMUSG00000096977" 0.687680236067333 10254 1
"ENSMUSG00000032579" 0.687881429816914 10257 1
"ENSMUSG00000028893" 0.691838240225337 10316 1
"ENSMUSG00000041471" 0.693447790221984 10340 1
"ENSMUSG00000024776" 0.705653544363222 10522 1
"ENSMUSG00000035735" 0.706257125611964 10531 1
"ENSMUSG00000020752" 0.70672657769432 10538 1
"ENSMUSG00000097039" 0.707598417275837 10551 1
"ENSMUSG00000110462" 0.711756421433841 10613 1
"ENSMUSG00000038742" 0.712695325598551 10627 1
"ENSMUSG00000022306" 0.713500100596875 10639 1
"ENSMUSG00000036918" 0.717926363087653 10705 1
"ENSMUSG00000067916" 0.71879820266917 10718 1
"ENSMUSG00000086591" 0.725705854738113 10821 1
"ENSMUSG00000052131" 0.726711823486017 10836 1
"ENSMUSG00000078349" 0.732546442223862 10923 1
"ENSMUSG00000056592" 0.743746227617195 11090 1
"ENSMUSG00000033107" 0.746562940111327 11132 1
"ENSMUSG00000022382" 0.756957950506338 11287 1
"ENSMUSG00000027792" 0.757628596338274 11297 1
"ENSMUSG00000045534" 0.765944604654282 11421 1
"ENSMUSG00000029591" 0.767218831734961 11440 1
"ENSMUSG00000054256" 0.768291865066059 11456 1
"ENSMUSG00000053950" 0.768828381731608 11464 1
"ENSMUSG00000045838" 0.77110857756019 11498 1
"ENSMUSG00000097537" 0.771175642143384 11499 1
"ENSMUSG00000027956" 0.775199517135001 11559 1
"ENSMUSG00000029735" 0.777546777546777 11594 1
"ENSMUSG00000024134" 0.784521494198913 11698 1
"ENSMUSG00000040594" 0.784990946281269 11705 1
"ENSMUSG00000073471" 0.787807658775401 11747 1
"ENSMUSG00000021098" 0.788142981691369 11752 1
"ENSMUSG00000085757" 0.790490242103145 11787 1
"ENSMUSG00000094520" 0.791831533767018 11807 1
"ENSMUSG00000046070" 0.793105760847696 11826 1
"ENSMUSG00000021423" 0.799208637918315 11917 1
"ENSMUSG00000033458" 0.805378579572128 12009 1
"ENSMUSG00000036377" 0.806719871236 12029 1
"ENSMUSG00000034765" 0.806786935819194 12030 1
"ENSMUSG00000095742" 0.811682650392328 12103 1
"ENSMUSG00000072214" 0.812822748306619 12120 1
"ENSMUSG00000034035" 0.813292200388975 12127 1
"ENSMUSG00000024064" 0.813627523304943 12132 1
"ENSMUSG00000053141" 0.815304137884783 12157 1
"ENSMUSG00000025175" 0.821474079538596 12249 1
"ENSMUSG00000095595" 0.821943531620951 12256 1
"ENSMUSG00000030443" 0.839246194084904 12514 1
"ENSMUSG00000050107" 0.840050969083227 12526 1
"ENSMUSG00000060188" 0.843538327409295 12578 1
"ENSMUSG00000115591" 0.844208973241231 12588 1
"ENSMUSG00000038453" 0.845885587821072 12613 1
"ENSMUSG00000071724" 0.846958621152169 12629 1
"ENSMUSG00000097274" 0.850982496143786 12689 1
"ENSMUSG00000057751" 0.851116625310174 12691 1
"ENSMUSG00000112593" 0.851921400308497 12703 1
"ENSMUSG00000026558" 0.858359600295084 12799 1
"ENSMUSG00000033214" 0.86607202736235 12914 1
"ENSMUSG00000085095" 0.866206156528737 12916 1
"ENSMUSG00000027702" 0.871437194017839 12994 1
"ENSMUSG00000050357" 0.872107839849775 13004 1
"ENSMUSG00000097416" 0.875930521091811 13061 1
"ENSMUSG00000070814" 0.87868016900275 13102 1
"ENSMUSG00000032053" 0.881429816913688 13143 1
"ENSMUSG00000097148" 0.88424652940782 13185 1
"ENSMUSG00000021010" 0.886727918985983 13222 1
"ENSMUSG00000100071" 0.888538662732211 13249 1
"ENSMUSG00000110273" 0.888873985648179 13254 1
"ENSMUSG00000036800" 0.89631815438267 13365 1
"ENSMUSG00000010529" 0.903695258533968 13475 1
"ENSMUSG00000090363" 0.908054456441553 13540 1
"ENSMUSG00000051515" 0.909596941855006 13563 1
"ENSMUSG00000062044" 0.910200523103749 13572 1
"ENSMUSG00000035472" 0.912279525182751 13603 1
"ENSMUSG00000040229" 0.912614848098719 13608 1
"ENSMUSG00000027168" 0.914559721011334 13637 1
"ENSMUSG00000039578" 0.916303400174368 13663 1
"ENSMUSG00000050671" 0.924082891824827 13779 1
"ENSMUSG00000114744" 0.924552343907183 13786 1
"ENSMUSG00000061815" 0.926832539735766 13820 1
"ENSMUSG00000097372" 0.936355710549259 13962 1
"ENSMUSG00000000049" 0.938904164710616 14000 1
"ENSMUSG00000069456" 0.939507745959359 14009 1
"ENSMUSG00000112907" 0.944805848031654 14088 1
"ENSMUSG00000001014" 0.945543558446784 14099 1
"ENSMUSG00000086544" 0.94842733552411 14142 1
"ENSMUSG00000028175" 0.948896787606465 14149 1
"ENSMUSG00000110246" 0.951914693850178 14194 1
"ENSMUSG00000097960" 0.953926631345986 14224 1
"ENSMUSG00000050014" 0.957212795922473 14273 1
"ENSMUSG00000048399" 0.958889410502314 14298 1
"ENSMUSG00000079808" 0.959895379250218 14313 1
"ENSMUSG00000066861" 0.963181543826705 14362 1
"ENSMUSG00000099825" 0.965327610488901 14394 1
"ENSMUSG00000086016" 0.965931191737643 14403 1
"ENSMUSG00000022102" 0.968211387566226 14437 1
"ENSMUSG00000110020" 0.969753872979679 14460 1
"ENSMUSG00000108736" 0.971296358393133 14483 1
"ENSMUSG00000074004" 0.976527395882235 14561 1
"ENSMUSG00000097134" 0.978539333378043 14591 1
"ENSMUSG00000030393" 0.981288981288981 14632 1
"ENSMUSG00000042265" 0.989001408356247 14747 1
"ENSMUSG00000086949" 0.998390450003353 14887 1


"gene_symbol" "cumFraction" "rank" "indicator"
"ENSMUSG00000024128" 0.00149634715253939 17 2
"ENSMUSG00000060636" 0.00466508229909339 53 2
"ENSMUSG00000009927" 0.00739371534195933 84 2
"ENSMUSG00000073702" 0.00933016459818678 106 2
"ENSMUSG00000061315" 0.0117067159581023 133 2
"ENSMUSG00000058600" 0.0164598186779333 187 2
"ENSMUSG00000050856" 0.0171639820438342 195 2
"ENSMUSG00000031029" 0.0279904937945603 318 2
"ENSMUSG00000031231" 0.0281665346360356 320 2
"ENSMUSG00000084786" 0.0300149634715254 341 2
"ENSMUSG00000026131" 0.0311592289411143 354 2
"ENSMUSG00000001158" 0.0433060470029047 492 2
"ENSMUSG00000022312" 0.0453305166798697 515 2
"ENSMUSG00000037712" 0.053868497491418 612 2
"ENSMUSG00000028249" 0.0563330692720711 640 2
"ENSMUSG00000038374" 0.0572132734794472 650 2
"ENSMUSG00000037772" 0.0577413960038729 656 2
"ENSMUSG00000016998" 0.0595898248393627 677 2
"ENSMUSG00000037710" 0.0599419065223132 681 2
"ENSMUSG00000022136" 0.0604700290467388 687 2
"ENSMUSG00000027006" 0.0607340903089517 690 2
"ENSMUSG00000073889" 0.0613502332541149 697 2
"ENSMUSG00000038502" 0.0683038464923862 776 2
"ENSMUSG00000022186" 0.0736730921573805 837 2
"ENSMUSG00000021124" 0.0778980723527858 885 2
"ENSMUSG00000020232" 0.0789543174016372 897 2
"ENSMUSG00000000787" 0.0797465011882757 906 2
"ENSMUSG00000014301" 0.0840595018044186 955 2
"ENSMUSG00000071072" 0.0842355426458938 957 2
"ENSMUSG00000051319" 0.0881084411583487 1001 2
"ENSMUSG00000006998" 0.0937417480855558 1065 2
"ENSMUSG00000018340" 0.0985828712261245 1120 2
"ENSMUSG00000027479" 0.0988469324883373 1123 2
"ENSMUSG00000003477" 0.104568259836282 1188 2
"ENSMUSG00000031207" 0.107648974562098 1223 2
"ENSMUSG00000020993" 0.113194261068568 1286 2
"ENSMUSG00000033429" 0.113986444855206 1295 2
"ENSMUSG00000031667" 0.11460258780037 1302 2
"ENSMUSG00000015672" 0.114866649062583 1305 2
"ENSMUSG00000031007" 0.115130710324795 1308 2
"ENSMUSG00000028820" 0.115306751166271 1310 2
"ENSMUSG00000020088" 0.116274975794384 1321 2
"ENSMUSG00000020994" 0.122172343983804 1388 2
"ENSMUSG00000015165" 0.12710148754511 1444 2
"ENSMUSG00000029838" 0.130006161429452 1477 2
"ENSMUSG00000032224" 0.130358243112402 1481 2
"ENSMUSG00000057236" 0.130974386057565 1488 2
"ENSMUSG00000040616" 0.133879059941907 1521 2
"ENSMUSG00000003199" 0.135111345832233 1535 2
"ENSMUSG00000041731" 0.13634363172256 1549 2
"ENSMUSG00000028772" 0.137927999295837 1567 2
"ENSMUSG00000045534" 0.138280080978787 1571 2
"ENSMUSG00000042198" 0.138984244344688 1579 2
"ENSMUSG00000007415" 0.145673796320746 1655 2
"ENSMUSG00000028800" 0.146994102631811 1670 2
"ENSMUSG00000051355" 0.148402429363612 1686 2
"ENSMUSG00000031490" 0.14849044978435 1687 2
"ENSMUSG00000059824" 0.151835225772379 1725 2
"ENSMUSG00000032239" 0.151923246193117 1726 2
"ENSMUSG00000020485" 0.152627409559018 1734 2
"ENSMUSG00000028959" 0.153683654607869 1746 2
"ENSMUSG00000002768" 0.164950268462283 1874 2
"ENSMUSG00000016308" 0.165390370565971 1879 2
"ENSMUSG00000029705" 0.170495554968753 1937 2
"ENSMUSG00000037740" 0.17243200422498 1959 2
"ENSMUSG00000003541" 0.174544494322683 1983 2
"ENSMUSG00000091811" 0.184842883548983 2100 2
"ENSMUSG00000038695" 0.191620455945779 2177 2
"ENSMUSG00000040022" 0.194261068567908 2207 2
"ENSMUSG00000007880" 0.196813660769298 2236 2
"ENSMUSG00000079508" 0.197253762872987 2241 2
"ENSMUSG00000038305" 0.205791743684535 2338 2
"ENSMUSG00000018415" 0.21186515271543 2407 2
"ENSMUSG00000059586" 0.219258868057389 2491 2
"ENSMUSG00000085604" 0.219346888478127 2492 2
"ENSMUSG00000028790" 0.221195317313617 2513 2
"ENSMUSG00000016541" 0.222339582783206 2526 2
"ENSMUSG00000039943" 0.223835929935745 2543 2
"ENSMUSG00000024392" 0.233078074113194 2648 2
"ENSMUSG00000024327" 0.234134319162046 2660 2
"ENSMUSG00000031563" 0.23580670715606 2679 2
"ENSMUSG00000022521" 0.23765513599155 2700 2
"ENSMUSG00000030846" 0.2380072176745 2704 2
"ENSMUSG00000020475" 0.239151483144089 2717 2
"ENSMUSG00000015002" 0.249273831528915 2832 2
"ENSMUSG00000020680" 0.253322770882845 2878 2
"ENSMUSG00000023067" 0.254555056773171 2892 2
"ENSMUSG00000027364" 0.257283689816037 2923 2
"ENSMUSG00000029213" 0.267229997359387 3036 2
"ENSMUSG00000019761" 0.270134671243729 3069 2
"ENSMUSG00000026520" 0.272775283865857 3099 2
"ENSMUSG00000040564" 0.276384121116099 3140 2
"ENSMUSG00000002602" 0.278672652055277 3166 2
"ENSMUSG00000034845" 0.286682510342399 3257 2
"ENSMUSG00000028656" 0.29478038905026 3349 2
"ENSMUSG00000022434" 0.300413695977467 3413 2
"ENSMUSG00000038762" 0.303494410703283 3448 2
"ENSMUSG00000048175" 0.309655840154916 3518 2
"ENSMUSG00000038055" 0.311152187307455 3535 2
"ENSMUSG00000073684" 0.311592289411143 3540 2
"ENSMUSG00000018239" 0.317665698442039 3609 2
"ENSMUSG00000069114" 0.322154739899657 3660 2
"ENSMUSG00000022389" 0.323915148314409 3680 2
"ENSMUSG00000063273" 0.32461931168031 3688 2
"ENSMUSG00000045210" 0.328844291875715 3736 2
"ENSMUSG00000048497" 0.334037496699234 3795 2
"ENSMUSG00000048578" 0.335445823431036 3811 2
"ENSMUSG00000072258" 0.336149986796937 3819 2
"ENSMUSG00000021978" 0.337470293108001 3834 2
"ENSMUSG00000035439" 0.341519232461931 3880 2
"ENSMUSG00000028847" 0.34891294780389 3964 2
"ENSMUSG00000026771" 0.352785846316345 4008 2
"ENSMUSG00000025340" 0.355690520200687 4041 2
"ENSMUSG00000029439" 0.358947275767978 4078 2
"ENSMUSG00000031441" 0.359299357450929 4082 2
"ENSMUSG00000002289" 0.360003520816829 4090 2
"ENSMUSG00000055320" 0.363700378487809 4132 2
"ENSMUSG00000023156" 0.3662529706892 4161 2
"ENSMUSG00000096199" 0.373294604348209 4241 2
"ENSMUSG00000027201" 0.39239503564827 4458 2
"ENSMUSG00000040605" 0.398820526362116 4531 2
"ENSMUSG00000056870" 0.400052812252442 4545 2
"ENSMUSG00000003352" 0.402605404453833 4574 2
"ENSMUSG00000021368" 0.407534548015139 4630 2
"ENSMUSG00000038025" 0.412023589472758 4681 2
"ENSMUSG00000051510" 0.41783293724144 4747 2
"ENSMUSG00000034601" 0.427515183522577 4857 2
"ENSMUSG00000055799" 0.428395387729953 4867 2
"ENSMUSG00000003949" 0.434732858023061 4939 2
"ENSMUSG00000046962" 0.440894287474694 5009 2
"ENSMUSG00000029034" 0.44142240999912 5015 2
"ENSMUSG00000022031" 0.441598450840595 5017 2
"ENSMUSG00000037652" 0.447583839450753 5085 2
"ENSMUSG00000017837" 0.448199982395916 5092 2
"ENSMUSG00000039377" 0.456385881524514 5185 2
"ENSMUSG00000020171" 0.456737963207464 5189 2
"ENSMUSG00000021540" 0.460962943402869 5237 2
"ENSMUSG00000027624" 0.466420209488601 5299 2
"ENSMUSG00000010067" 0.468532699586304 5323 2
"ENSMUSG00000018395" 0.479711293019981 5450 2
"ENSMUSG00000070814" 0.480063374702931 5454 2
"ENSMUSG00000038729" 0.49080186603292 5576 2
"ENSMUSG00000021972" 0.49705131590529 5647 2
"ENSMUSG00000037032" 0.497227356746765 5649 2
"ENSMUSG00000036918" 0.499515887685943 5675 2
"ENSMUSG00000045411" 0.502772643253235 5712 2
"ENSMUSG00000037851" 0.505853357979051 5747 2
"ENSMUSG00000033022" 0.513423114162486 5833 2
"ENSMUSG00000041415" 0.516151747205352 5864 2
"ENSMUSG00000030180" 0.524337646333949 5957 2
"ENSMUSG00000028890" 0.526714197693865 5984 2
"ENSMUSG00000028214" 0.536924566499428 6100 2
"ENSMUSG00000028247" 0.540181322066719 6137 2
"ENSMUSG00000023051" 0.540357362908195 6139 2
"ENSMUSG00000020525" 0.540797465011883 6144 2
"ENSMUSG00000034593" 0.54493442478655 6191 2
"ENSMUSG00000038210" 0.545286506469501 6195 2
"ENSMUSG00000026192" 0.549423466244169 6242 2
"ENSMUSG00000045838" 0.551976058445559 6271 2
"ENSMUSG00000021835" 0.553560426018836 6289 2
"ENSMUSG00000038742" 0.558401549159405 6344 2
"ENSMUSG00000055723" 0.567731713757592 6450 2
"ENSMUSG00000025498" 0.570900448904146 6486 2
"ENSMUSG00000049124" 0.577149898776516 6557 2
"ENSMUSG00000042608" 0.578294164246105 6570 2
"ENSMUSG00000052928" 0.579614470557169 6585 2
"ENSMUSG00000026596" 0.580142593081595 6591 2
"ENSMUSG00000022724" 0.583487369069624 6629 2
"ENSMUSG00000028974" 0.590529002728633 6709 2
"ENSMUSG00000078349" 0.593169615350761 6739 2
"ENSMUSG00000041439" 0.595106064606989 6761 2
"ENSMUSG00000011008" 0.599947187747557 6816 2
"ENSMUSG00000090083" 0.602851861631899 6849 2
"ENSMUSG00000053950" 0.60610861719919 6886 2
"ENSMUSG00000033488" 0.607340903089517 6900 2
"ENSMUSG00000025228" 0.609365372766482 6923 2
"ENSMUSG00000020519" 0.62380072176745 7087 2
"ENSMUSG00000039701" 0.624064783029663 7090 2
"ENSMUSG00000036622" 0.626177273127365 7114 2
"ENSMUSG00000000134" 0.631810580054573 7178 2
"ENSMUSG00000006920" 0.636035560249978 7226 2
"ENSMUSG00000022676" 0.63744388698178 7242 2
"ENSMUSG00000013150" 0.641140744652759 7284 2
"ENSMUSG00000016946" 0.642196989701611 7296 2
"ENSMUSG00000032507" 0.642813132646774 7303 2
"ENSMUSG00000025209" 0.643957398116363 7316 2
"ENSMUSG00000056536" 0.644045418537101 7317 2
"ENSMUSG00000017801" 0.650118827567996 7386 2
"ENSMUSG00000024983" 0.653463603556025 7424 2
"ENSMUSG00000037331" 0.653903705659713 7429 2
"ENSMUSG00000033991" 0.662969808995687 7532 2
"ENSMUSG00000069094" 0.675908810844116 7679 2
"ENSMUSG00000041471" 0.676348912947804 7684 2
"ENSMUSG00000110945" 0.678109321362556 7704 2
"ENSMUSG00000026558" 0.678285362204031 7706 2
"ENSMUSG00000060090" 0.679253586832145 7717 2
"ENSMUSG00000001632" 0.680309831880996 7729 2
"ENSMUSG00000037395" 0.68532699586304 7786 2
"ENSMUSG00000026427" 0.686119179649679 7795 2
"ENSMUSG00000028080" 0.686383240911891 7798 2
"ENSMUSG00000033752" 0.689199894375495 7830 2
"ENSMUSG00000031974" 0.689992078162133 7839 2
"ENSMUSG00000001288" 0.690344159845084 7843 2
"ENSMUSG00000004100" 0.690520200686559 7845 2
"ENSMUSG00000022159" 0.694569140040489 7891 2
"ENSMUSG00000074829" 0.697737875187043 7927 2
"ENSMUSG00000020375" 0.698882140656632 7940 2
"ENSMUSG00000041688" 0.700290467388434 7956 2
"ENSMUSG00000046324" 0.705923774315641 8020 2
"ENSMUSG00000026571" 0.709092509462195 8056 2
"ENSMUSG00000033790" 0.709180529882933 8057 2
"ENSMUSG00000036968" 0.71296540797465 8100 2
"ENSMUSG00000042507" 0.719742980371446 8177 2
"ENSMUSG00000045078" 0.719919021212921 8179 2
"ENSMUSG00000001131" 0.721327347944723 8195 2
"ENSMUSG00000022555" 0.729953349177009 8293 2
"ENSMUSG00000021068" 0.730129390018484 8295 2
"ENSMUSG00000095595" 0.730481471701435 8299 2
"ENSMUSG00000021738" 0.731273655488073 8308 2
"ENSMUSG00000060044" 0.732153859695449 8318 2
"ENSMUSG00000028381" 0.733210104744301 8330 2
"ENSMUSG00000031171" 0.734090308951677 8340 2
"ENSMUSG00000041920" 0.737259044098231 8376 2
"ENSMUSG00000021998" 0.737347064518968 8376 2
"ENSMUSG00000032579" 0.743684534812076 8449 2
"ENSMUSG00000033458" 0.758912067599683 8622 2
"ENSMUSG00000004988" 0.76084851685591 8644 2
"ENSMUSG00000081058" 0.761376639380336 8650 2
"ENSMUSG00000054256" 0.76419329284394 8682 2
"ENSMUSG00000029859" 0.770618783557785 8755 2
"ENSMUSG00000036686" 0.770706803978523 8756 2
"ENSMUSG00000034771" 0.770882844819998 8758 2
"ENSMUSG00000078908" 0.773171375759176 8784 2
"ENSMUSG00000020691" 0.773787518704339 8791 2
"ENSMUSG00000025413" 0.781093213625561 8874 2
"ENSMUSG00000036002" 0.78408590793064 8908 2
"ENSMUSG00000003411" 0.785582255083179 8925 2
"ENSMUSG00000019320" 0.786374438869818 8934 2
"ENSMUSG00000046814" 0.787254643077194 8944 2
"ENSMUSG00000027199" 0.78848692896752 8958 2
"ENSMUSG00000057751" 0.790511398644485 8981 2
"ENSMUSG00000001156" 0.800193644925623 9091 2
"ENSMUSG00000026974" 0.801689992078162 9108 2
"ENSMUSG00000036986" 0.810668074993398 9210 2
"ENSMUSG00000037386" 0.815597218554705 9266 2
"ENSMUSG00000055978" 0.815685238975442 9266 2
"ENSMUSG00000034839" 0.821758648006337 9336 2
"ENSMUSG00000067787" 0.822902913475926 9349 2
"ENSMUSG00000042207" 0.825895607781005 9383 2
"ENSMUSG00000045757" 0.841827303934513 9564 2
"ENSMUSG00000030443" 0.843147610245577 9579 2
"ENSMUSG00000019863" 0.846404365812868 9616 2
"ENSMUSG00000030199" 0.846844467916557 9621 2
"ENSMUSG00000059791" 0.847372590440982 9627 2
"ENSMUSG00000051515" 0.853269958630402 9694 2
"ENSMUSG00000094520" 0.858111081770971 9749 2
"ENSMUSG00000031822" 0.858199102191708 9749 2
"ENSMUSG00000043153" 0.870874042777924 9894 2
"ENSMUSG00000030699" 0.872634451192677 9914 2
"ENSMUSG00000097148" 0.878795880644309 9984 2
"ENSMUSG00000060188" 0.880644309479799 10005 2
"ENSMUSG00000058486" 0.880732329900537 10005 2
"ENSMUSG00000079555" 0.896047883108881 10180 2
"ENSMUSG00000022306" 0.896135903529619 10180 2
"ENSMUSG00000028862" 0.898072352785846 10203 2
"ENSMUSG00000021047" 0.898160373206584 10203 2
"ENSMUSG00000001763" 0.907226476542558 10307 2
"ENSMUSG00000029001" 0.907314496963295 10307 2
"ENSMUSG00000086784" 0.910219170847636 10341 2
"ENSMUSG00000027420" 0.912067599683126 10362 2
"ENSMUSG00000067916" 0.914356130622304 10388 2
"ENSMUSG00000036800" 0.916556641140745 10413 2
"ENSMUSG00000022651" 0.916644661561482 10413 2
"ENSMUSG00000074896" 0.92887950004401 10553 2
"ENSMUSG00000070337" 0.928967520464748 10553 2
"ENSMUSG00000097537" 0.929055540885485 10553 2
"ENSMUSG00000006538" 0.929143561306223 10553 2
"ENSMUSG00000096718" 0.934688847812692 10619 2
"ENSMUSG00000086736" 0.937065399172608 10646 2
"ENSMUSG00000028893" 0.941378399788751 10695 2
"ENSMUSG00000045930" 0.949740339758824 10790 2
"ENSMUSG00000034765" 0.949828360179562 10790 2
"ENSMUSG00000033214" 0.949916380600299 10790 2
"ENSMUSG00000050014" 0.950004401021037 10790 2
"ENSMUSG00000112593" 0.950092421441774 10790 2
"ENSMUSG00000033671" 0.950180441862512 10790 2
"ENSMUSG00000033227" 0.957222075521521 10875 2
"ENSMUSG00000072214" 0.962591321186515 10936 2
"ENSMUSG00000033124" 0.965055892967168 10964 2
"ENSMUSG00000040594" 0.965143913387906 10964 2
"ENSMUSG00000037366" 0.971129301998063 11033 2
"ENSMUSG00000005897" 0.974474077986093 11071 2
"ENSMUSG00000024776" 0.978170935657072 11113 2
"ENSMUSG00000071266" 0.97825895607781 11113 2
"ENSMUSG00000098022" 0.983188099639116 11170 2
"ENSMUSG00000025175" 0.989701610773699 11244 2
"ENSMUSG00000034035" 0.989789631194437 11244 2
"ENSMUSG00000092178" 0.989877651615174 11244 2
"ENSMUSG00000020135" 0.99410263181058 11294 2
"ENSMUSG00000030222" 0.994190652231318 11294 2


"gene_symbol" "cumFraction" "rank" "indicator"
"ENSMUSG00000016998" 0.0066411607594023 92 3
"ENSMUSG00000058600" 0.00714646646935682 99 3
"ENSMUSG00000061315" 0.00909550277918141 126 3
"ENSMUSG00000050856" 0.0176856998484083 245 3
"ENSMUSG00000084786" 0.0218725185880315 303 3
"ENSMUSG00000031231" 0.0272865083375442 378 3
"ENSMUSG00000028249" 0.0306070887172454 424 3
"ENSMUSG00000003477" 0.0395582184364398 548 3
"ENSMUSG00000073889" 0.0414350682162708 574 3
"ENSMUSG00000033022" 0.0461993791958421 640 3
"ENSMUSG00000022136" 0.0514689958853678 713 3
"ENSMUSG00000032239" 0.055367068505017 767 3
"ENSMUSG00000004988" 0.0583267162347506 808 3
"ENSMUSG00000000787" 0.0602757525445752 835 3
"ENSMUSG00000071072" 0.0628022810943478 870 3
"ENSMUSG00000021124" 0.0646069443441854 895 3
"ENSMUSG00000037772" 0.0651122500541399 902 3
"ENSMUSG00000026131" 0.0725474626434707 1005 3
"ENSMUSG00000059824" 0.0763733487331264 1058 3
"ENSMUSG00000031490" 0.0772395870930484 1070 3
"ENSMUSG00000002289" 0.0801992348227821 1111 3
"ENSMUSG00000020994" 0.0825813903125677 1144 3
"ENSMUSG00000029838" 0.0838085613224572 1161 3
"ENSMUSG00000007415" 0.0851079188623403 1179 3
"ENSMUSG00000027006" 0.0877066339421064 1215 3
"ENSMUSG00000020088" 0.0881397531220674 1221 3
"ENSMUSG00000028772" 0.090233162491879 1250 3
"ENSMUSG00000051319" 0.0923265718616906 1279 3
"ENSMUSG00000020485" 0.0930484371616256 1289 3
"ENSMUSG00000031007" 0.0949974734714502 1316 3
"ENSMUSG00000046324" 0.0977405616112034 1354 3
"ENSMUSG00000029705" 0.103154551360716 1429 3
"ENSMUSG00000038502" 0.108207608460261 1499 3
"ENSMUSG00000020993" 0.109940085180105 1523 3
"ENSMUSG00000042198" 0.110950696600014 1537 3
"ENSMUSG00000038374" 0.116292499819534 1611 3
"ENSMUSG00000037710" 0.118458095719339 1641 3
"ENSMUSG00000015672" 0.118819028369306 1646 3
"ENSMUSG00000038762" 0.119685266729228 1658 3
"ENSMUSG00000015165" 0.121489929979066 1683 3
"ENSMUSG00000019761" 0.123150220168916 1706 3
"ENSMUSG00000031667" 0.124593950768787 1726 3
"ENSMUSG00000002768" 0.127625785028514 1768 3
"ENSMUSG00000040564" 0.129213888688371 1790 3
"ENSMUSG00000027479" 0.129286075218364 1791 3
"ENSMUSG00000020232" 0.131523857648163 1822 3
"ENSMUSG00000031207" 0.132029163358117 1829 3
"ENSMUSG00000002602" 0.133328520898 1847 3
"ENSMUSG00000022521" 0.136215982097741 1887 3
"ENSMUSG00000048578" 0.13744315310763 1904 3
"ENSMUSG00000018340" 0.138092831877572 1913 3
"ENSMUSG00000033429" 0.139175629827474 1928 3
"ENSMUSG00000057236" 0.140835920017325 1951 3
"ENSMUSG00000022389" 0.140980293077312 1953 3
"ENSMUSG00000007880" 0.141341225727279 1958 3
"ENSMUSG00000039943" 0.157438821915831 2181 3
"ENSMUSG00000024327" 0.160037536995597 2217 3
"ENSMUSG00000028800" 0.160759402295532 2227 3
"ENSMUSG00000038695" 0.161120334945499 2232 3
"ENSMUSG00000027364" 0.161481267595467 2237 3
"ENSMUSG00000027201" 0.162347505955389 2249 3
"ENSMUSG00000022186" 0.167400563054934 2319 3
"ENSMUSG00000001288" 0.174763589114271 2421 3
"ENSMUSG00000031441" 0.184941889843355 2562 3
"ENSMUSG00000085604" 0.185375009023316 2568 3
"ENSMUSG00000060188" 0.191583050602758 2654 3
"ENSMUSG00000052131" 0.193820833032556 2685 3
"ENSMUSG00000051355" 0.19844077095214 2749 3
"ENSMUSG00000037652" 0.198657330542121 2752 3
"ENSMUSG00000014301" 0.199090449722082 2758 3
"ENSMUSG00000006998" 0.20378257417166 2823 3
"ENSMUSG00000037740" 0.204504439471595 2833 3
"ENSMUSG00000041415" 0.217353641810438 3011 3
"ENSMUSG00000006920" 0.218147693640367 3022 3
"ENSMUSG00000037331" 0.22255107196997 3083 3
"ENSMUSG00000029213" 0.224716667869776 3113 3
"ENSMUSG00000037712" 0.225510719699704 3124 3
"ENSMUSG00000023067" 0.228398180899444 3164 3
"ENSMUSG00000059586" 0.242979859958132 3366 3
"ENSMUSG00000030846" 0.243268606078106 3370 3
"ENSMUSG00000073684" 0.245939507687865 3407 3
"ENSMUSG00000040022" 0.252508481917274 3498 3
"ENSMUSG00000030180" 0.258788710026709 3585 3
"ENSMUSG00000042207" 0.259077456146683 3589 3
"ENSMUSG00000028959" 0.264852378546163 3669 3
"ENSMUSG00000016308" 0.271710098895546 3764 3
"ENSMUSG00000021540" 0.274958492745254 3809 3
"ENSMUSG00000024392" 0.275247238865228 3813 3
"ENSMUSG00000055320" 0.283981808994442 3934 3
"ENSMUSG00000021738" 0.284198368584422 3937 3
"ENSMUSG00000038210" 0.289540171803941 4011 3
"ENSMUSG00000060044" 0.291200461993792 4034 3
"ENSMUSG00000033790" 0.296686638273298 4110 3
"ENSMUSG00000018239" 0.298924420703097 4141 3
"ENSMUSG00000021978" 0.299574099473038 4150 3
"ENSMUSG00000026427" 0.301378762722876 4175 3
"ENSMUSG00000024128" 0.303688731682668 4207 3
"ENSMUSG00000029439" 0.305565581462499 4233 3
"ENSMUSG00000051510" 0.310979571212012 4308 3
"ENSMUSG00000063273" 0.317187612791453 4394 3
"ENSMUSG00000031563" 0.318198224211362 4408 3
"ENSMUSG00000026571" 0.321518804591063 4454 3
"ENSMUSG00000010067" 0.32577780986068 4513 3
"ENSMUSG00000045210" 0.33010900166029 4573 3
"ENSMUSG00000034845" 0.338987944849491 4696 3
"ENSMUSG00000023156" 0.341153540749296 4726 3
"ENSMUSG00000040945" 0.341658846459251 4733 3
"ENSMUSG00000026771" 0.344762867248971 4776 3
"ENSMUSG00000038025" 0.345195986428932 4782 3
"ENSMUSG00000028381" 0.358478307947737 4966 3
"ENSMUSG00000069094" 0.35956110589764 4981 3
"ENSMUSG00000036968" 0.361654515267451 5010 3
"ENSMUSG00000028214" 0.363314805457302 5033 3
"ENSMUSG00000069114" 0.36410885728723 5044 3
"ENSMUSG00000074829" 0.367862556846892 5096 3
"ENSMUSG00000048175" 0.369450660506749 5118 3
"ENSMUSG00000038055" 0.380206453475781 5267 3
"ENSMUSG00000025413" 0.384248899155418 5323 3
"ENSMUSG00000018415" 0.384898577925359 5332 3
"ENSMUSG00000056870" 0.386414495055223 5353 3
"ENSMUSG00000036622" 0.387786039125099 5372 3
"ENSMUSG00000055723" 0.38800259871508 5375 3
"ENSMUSG00000096199" 0.392478163574677 5437 3
"ENSMUSG00000032327" 0.399263697394066 5531 3
"ENSMUSG00000036686" 0.399913376164008 5540 3
"ENSMUSG00000045411" 0.402584277773767 5577 3
"ENSMUSG00000048497" 0.404100194903631 5598 3
"ENSMUSG00000025228" 0.410524796073053 5687 3
"ENSMUSG00000022676" 0.412618205442864 5716 3
"ENSMUSG00000003541" 0.422940879231935 5859 3
"ENSMUSG00000000134" 0.423518371471883 5867 3
"ENSMUSG00000003949" 0.42366274453187 5869 3
"ENSMUSG00000018395" 0.428571428571429 5937 3
"ENSMUSG00000004100" 0.440049086840396 6096 3
"ENSMUSG00000110945" 0.441420630910272 6115 3
"ENSMUSG00000025650" 0.442070309680214 6124 3
"ENSMUSG00000027624" 0.444741211289973 6161 3
"ENSMUSG00000039270" 0.450732693279434 6244 3
"ENSMUSG00000079508" 0.451598931639356 6256 3
"ENSMUSG00000049124" 0.458528838518732 6352 3
"ENSMUSG00000067916" 0.464087201328232 6429 3
"ENSMUSG00000033991" 0.464375947448206 6433 3
"ENSMUSG00000034601" 0.468707139247816 6493 3
"ENSMUSG00000001131" 0.471594600447556 6533 3
"ENSMUSG00000055799" 0.495704901465387 6867 3
"ENSMUSG00000022159" 0.495993647585361 6871 3
"ENSMUSG00000056536" 0.506388507904425 7015 3
"ENSMUSG00000067787" 0.513101855193821 7108 3
"ENSMUSG00000020691" 0.520176135133184 7206 3
"ENSMUSG00000045930" 0.522919223272937 7244 3
"ENSMUSG00000040616" 0.524940446112755 7272 3
"ENSMUSG00000021972" 0.530859741572223 7354 3
"ENSMUSG00000029500" 0.531365047282177 7361 3
"ENSMUSG00000013150" 0.532375658702086 7375 3
"ENSMUSG00000023078" 0.534252508481917 7401 3
"ENSMUSG00000014158" 0.539810871291417 7478 3
"ENSMUSG00000022434" 0.540243990471378 7484 3
"ENSMUSG00000024983" 0.541832094131235 7506 3
"ENSMUSG00000020519" 0.547679203060709 7587 3
"ENSMUSG00000071266" 0.565437089439111 7833 3
"ENSMUSG00000037851" 0.567458312278929 7861 3
"ENSMUSG00000090083" 0.571861690608532 7922 3
"ENSMUSG00000074896" 0.581173752977694 8051 3
"ENSMUSG00000041731" 0.582617483577564 8071 3
"ENSMUSG00000037395" 0.583411535407493 8082 3
"ENSMUSG00000079555" 0.584494333357395 8097 3
"ENSMUSG00000041688" 0.59055800187685 8181 3
"ENSMUSG00000027439" 0.593012343896629 8215 3
"ENSMUSG00000045078" 0.594383887966505 8234 3
"ENSMUSG00000042644" 0.597271349166246 8274 3
"ENSMUSG00000025498" 0.5977766548762 8281 3
"ENSMUSG00000029034" 0.600519743015953 8319 3
"ENSMUSG00000020752" 0.602396592795784 8345 3
"ENSMUSG00000037032" 0.608171515195265 8425 3
"ENSMUSG00000042608" 0.609903991915109 8449 3
"ENSMUSG00000027199" 0.612358333934888 8483 3
"ENSMUSG00000031171" 0.616833898794485 8545 3
"ENSMUSG00000112593" 0.616906085324478 8546 3
"ENSMUSG00000021047" 0.618422002454342 8567 3
"ENSMUSG00000047996" 0.626506893813614 8679 3
"ENSMUSG00000022382" 0.632642748863062 8764 3
"ENSMUSG00000005897" 0.634158665992926 8785 3
"ENSMUSG00000036002" 0.636324261892731 8815 3
"ENSMUSG00000033124" 0.643398541832094 8913 3
"ENSMUSG00000020525" 0.64455352631199 8929 3
"ENSMUSG00000036918" 0.649173464231574 8993 3
"ENSMUSG00000030393" 0.651266873601386 9022 3
"ENSMUSG00000078908" 0.658702086190717 9125 3
"ENSMUSG00000019320" 0.662672345340359 9180 3
"ENSMUSG00000020680" 0.669313506099762 9272 3
"ENSMUSG00000028656" 0.673789070959359 9334 3
"ENSMUSG00000003352" 0.674799682379268 9348 3
"ENSMUSG00000053950" 0.67855338193893 9400 3
"ENSMUSG00000062044" 0.679708366418826 9416 3
"ENSMUSG00000097274" 0.681513029668664 9441 3
"ENSMUSG00000073471" 0.687143579008157 9519 3
"ENSMUSG00000072258" 0.689236988377969 9548 3
"ENSMUSG00000028862" 0.690680718977839 9568 3
"ENSMUSG00000028890" 0.691258211217787 9576 3
"ENSMUSG00000095595" 0.692413195697683 9592 3
"ENSMUSG00000086591" 0.697682812387209 9665 3
"ENSMUSG00000001156" 0.69833249115715 9674 3
"ENSMUSG00000070814" 0.703024615606728 9739 3
"ENSMUSG00000031974" 0.704396159676604 9758 3
"ENSMUSG00000058486" 0.707572366996318 9802 3
"ENSMUSG00000034771" 0.711398253085974 9855 3
"ENSMUSG00000052928" 0.719627517505233 9969 3
"ENSMUSG00000033458" 0.721937486465026 10001 3
"ENSMUSG00000092178" 0.722370605644987 10007 3
"ENSMUSG00000038453" 0.723309030534902 10020 3
"ENSMUSG00000022724" 0.727640222334512 10080 3
"ENSMUSG00000032579" 0.727856781924493 10083 3
"ENSMUSG00000097416" 0.728073341514473 10086 3
"ENSMUSG00000096977" 0.730455497004259 10119 3
"ENSMUSG00000026596" 0.733342958203999 10159 3
"ENSMUSG00000097039" 0.740922543853317 10264 3
"ENSMUSG00000033671" 0.741572222623258 10273 3
"ENSMUSG00000033227" 0.746914025842778 10347 3
"ENSMUSG00000046814" 0.750234606222479 10393 3
"ENSMUSG00000033488" 0.750523352342453 10397 3
"ENSMUSG00000005225" 0.750956471522414 10403 3
"ENSMUSG00000042507" 0.751389590702375 10409 3
"ENSMUSG00000030443" 0.753483000072186 10438 3
"ENSMUSG00000032224" 0.755215476792031 10462 3
"ENSMUSG00000028893" 0.755865155561972 10471 3
"ENSMUSG00000043153" 0.756081715151953 10474 3
"ENSMUSG00000041920" 0.75622608821194 10476 3
"ENSMUSG00000038742" 0.758824803291706 10512 3
"ENSMUSG00000020374" 0.760412906951563 10534 3
"ENSMUSG00000078349" 0.765105031401141 10599 3
"ENSMUSG00000039377" 0.777593301090017 10772 3
"ENSMUSG00000035735" 0.78322385042951 10850 3
"ENSMUSG00000070639" 0.785389446329315 10880 3
"ENSMUSG00000034839" 0.793257778098607 10989 3
"ENSMUSG00000027420" 0.7933299646286 10990 3
"ENSMUSG00000085095" 0.796289612358334 11031 3
"ENSMUSG00000001763" 0.79910488702808 11070 3
"ENSMUSG00000034593" 0.799754565798022 11079 3
"ENSMUSG00000019863" 0.800765177217931 11093 3
"ENSMUSG00000037366" 0.805457301667509 11158 3
"ENSMUSG00000028115" 0.811087851007002 11236 3
"ENSMUSG00000039578" 0.813758752616762 11273 3
"ENSMUSG00000041471" 0.814191871796723 11279 3
"ENSMUSG00000024776" 0.817945571356385 11331 3
"ENSMUSG00000099465" 0.818162130946365 11334 3
"ENSMUSG00000036377" 0.818739623186313 11342 3
"ENSMUSG00000027792" 0.821266151736086 11377 3
"ENSMUSG00000026558" 0.825380783945716 11434 3
"ENSMUSG00000045838" 0.83021728145528 11501 3
"ENSMUSG00000034035" 0.837147188334657 11597 3
"ENSMUSG00000028247" 0.840973074424312 11650 3
"ENSMUSG00000051515" 0.841406193604273 11656 3
"ENSMUSG00000095742" 0.842488991554176 11671 3
"ENSMUSG00000033107" 0.857575976322818 11880 3
"ENSMUSG00000057751" 0.85966938569263 11909 3
"ENSMUSG00000033214" 0.862123727712409 11943 3
"ENSMUSG00000059791" 0.865227748502129 11986 3
"ENSMUSG00000048826" 0.866166173392045 11999 3
"ENSMUSG00000089697" 0.871074857431603 12067 3
"ENSMUSG00000029716" 0.87244640150148 12086 3
"ENSMUSG00000037386" 0.874178878221324 12110 3
"ENSMUSG00000038729" 0.886811520970187 12285 3
"ENSMUSG00000106194" 0.887677759330109 12297 3
"ENSMUSG00000097520" 0.887966505450083 12301 3
"ENSMUSG00000021423" 0.890276474409875 12333 3
"ENSMUSG00000010529" 0.891792391539739 12354 3
"ENSMUSG00000027956" 0.894463293149498 12391 3
"ENSMUSG00000097537" 0.89532953150942 12403 3
"ENSMUSG00000074604" 0.898505738829134 12447 3
"ENSMUSG00000038022" 0.909478091388147 12599 3
"ENSMUSG00000116262" 0.910849635458023 12618 3
"ENSMUSG00000110020" 0.917635169277413 12712 3
"ENSMUSG00000108736" 0.918934526817296 12730 3
"ENSMUSG00000087242" 0.919945138237205 12744 3
"ENSMUSG00000022306" 0.920017324767198 12744 3
"ENSMUSG00000075410" 0.923987583916841 12800 3
"ENSMUSG00000106415" 0.926297552876633 12832 3
"ENSMUSG00000020258" 0.927452537356529 12848 3
"ENSMUSG00000070337" 0.93077311773623 12894 3
"ENSMUSG00000035472" 0.931278423446185 12901 3
"ENSMUSG00000054256" 0.93366057893597 12934 3
"ENSMUSG00000034765" 0.939868620515412 13020 3
"ENSMUSG00000026974" 0.941312351115282 13040 3
"ENSMUSG00000022651" 0.942395149065184 13055 3
"ENSMUSG00000079808" 0.943622320075074 13072 3
"ENSMUSG00000024134" 0.947159460044756 13121 3
"ENSMUSG00000050014" 0.949252869414567 13150 3
"ENSMUSG00000025912" 0.952140330614307 13190 3
"ENSMUSG00000048399" 0.952573449794268 13196 3
"ENSMUSG00000021010" 0.954089366924132 13217 3
"ENSMUSG00000029591" 0.954161553454125 13217 3
"ENSMUSG00000040569" 0.954739045694073 13226 3
"ENSMUSG00000025175" 0.95878149137371 13282 3
"ENSMUSG00000061815" 0.970259149642677 13441 3
"ENSMUSG00000110462" 0.973940662672345 13492 3
"ENSMUSG00000086016" 0.974734714502274 13503 3
"ENSMUSG00000111962" 0.98144806179167 13596 3
"ENSMUSG00000030321" 0.988161409081065 13689 3
"ENSMUSG00000098022" 0.995740994730383 13794 3
"ENSMUSG00000024064" 0.995813181260377 13794 3


"gene_symbol" "cumFraction" "rank" "indicator"
"ENSMUSG00000060636" 0.00288626319112474 32 4
"ENSMUSG00000003429" 0.00595291783169478 66 4
"ENSMUSG00000009927" 0.0074862451519798 83 4
"ENSMUSG00000073702" 0.00775683232614774 86 4
"ENSMUSG00000061315" 0.0104627040678272 116 4
"ENSMUSG00000058600" 0.0107332912419951 119 4
"ENSMUSG00000016998" 0.0118156399386669 131 4
"ENSMUSG00000050856" 0.0125372057364481 139 4
"ENSMUSG00000031029" 0.0174979705961937 194 4
"ENSMUSG00000022312" 0.0235410841526112 261 4
"ENSMUSG00000084786" 0.0291332190854154 323 4
"ENSMUSG00000031231" 0.0320194822765401 355 4
"ENSMUSG00000001158" 0.0346351582934969 384 4
"ENSMUSG00000026131" 0.0397763146026878 441 4
"ENSMUSG00000021124" 0.0444664922882655 493 4
"ENSMUSG00000000787" 0.0558311536033192 619 4
"ENSMUSG00000028249" 0.0598899612158384 664 4
"ENSMUSG00000079658" 0.0632272030305763 701 4
"ENSMUSG00000037772" 0.0684585550644899 759 4
"ENSMUSG00000037710" 0.0713448182556147 791 4
"ENSMUSG00000027479" 0.0714350139803373 792 4
"ENSMUSG00000071072" 0.0734193199242356 814 4
"ENSMUSG00000031207" 0.0745016686209074 826 4
"ENSMUSG00000085604" 0.0754036258681338 836 4
"ENSMUSG00000051319" 0.0804545864526021 892 4
"ENSMUSG00000028772" 0.0819879137728872 909 4
"ENSMUSG00000022186" 0.0822585009470551 912 4
"ENSMUSG00000045954" 0.0827094795706683 917 4
"ENSMUSG00000032239" 0.0891133760259764 988 4
"ENSMUSG00000032224" 0.094074140885722 1043 4
"ENSMUSG00000073889" 0.0947055109587805 1050 4
"ENSMUSG00000002602" 0.0947957066835032 1051 4
"ENSMUSG00000020232" 0.0972309912510147 1078 4
"ENSMUSG00000042032" 0.0987643185712997 1095 4
"ENSMUSG00000015165" 0.100117254442139 1110 4
"ENSMUSG00000029838" 0.100748624515198 1117 4
"ENSMUSG00000031490" 0.101289798863534 1123 4
"ENSMUSG00000007415" 0.102552539009651 1137 4
"ENSMUSG00000028820" 0.103183909082709 1144 4
"ENSMUSG00000019761" 0.103454496256877 1147 4
"ENSMUSG00000020993" 0.110579958509967 1226 4
"ENSMUSG00000045534" 0.113015243077478 1253 4
"ENSMUSG00000002289" 0.113285830251646 1256 4
"ENSMUSG00000020994" 0.116262289167493 1289 4
"ENSMUSG00000058690" 0.118066203661946 1309 4
"ENSMUSG00000033022" 0.118607378010282 1315 4
"ENSMUSG00000039943" 0.123658338594751 1371 4
"ENSMUSG00000037712" 0.126724993235321 1405 4
"ENSMUSG00000020485" 0.129250473527555 1433 4
"ENSMUSG00000048578" 0.129430864977 1435 4
"ENSMUSG00000022136" 0.129521060701723 1436 4
"ENSMUSG00000041731" 0.134842608460359 1495 4
"ENSMUSG00000052131" 0.134932804185082 1496 4
"ENSMUSG00000018340" 0.139081807522323 1542 4
"ENSMUSG00000027006" 0.144132768106792 1598 4
"ENSMUSG00000014301" 0.144222963831514 1599 4
"ENSMUSG00000004988" 0.148101379994588 1642 4
"ENSMUSG00000060992" 0.152520970505998 1691 4
"ENSMUSG00000028959" 0.154505276449896 1713 4
"ENSMUSG00000022521" 0.155497429421845 1724 4
"ENSMUSG00000015672" 0.155677820871291 1726 4
"ENSMUSG00000031667" 0.15802290971408 1752 4
"ENSMUSG00000029705" 0.160458194281591 1779 4
"ENSMUSG00000028790" 0.166050329214395 1841 4
"ENSMUSG00000027201" 0.169748353928024 1882 4
"ENSMUSG00000023067" 0.171011094074141 1896 4
"ENSMUSG00000038502" 0.172454225669703 1912 4
"ENSMUSG00000018415" 0.173175791467484 1920 4
"ENSMUSG00000028847" 0.175881663209164 1950 4
"ENSMUSG00000042198" 0.177505186254172 1968 4
"ENSMUSG00000037740" 0.178497339226121 1979 4
"ENSMUSG00000057236" 0.179399296473347 1989 4
"ENSMUSG00000021978" 0.182014972490304 2018 4
"ENSMUSG00000032393" 0.186614954451159 2069 4
"ENSMUSG00000045210" 0.191485523586182 2123 4
"ENSMUSG00000038374" 0.191936502209795 2128 4
"ENSMUSG00000055320" 0.196716875620096 2181 4
"ENSMUSG00000073684" 0.211959953098223 2350 4
"ENSMUSG00000038695" 0.213042301794895 2362 4
"ENSMUSG00000015002" 0.214936412014071 2383 4
"ENSMUSG00000016308" 0.22070893839632 2447 4
"ENSMUSG00000042207" 0.223685397312167 2480 4
"ENSMUSG00000028800" 0.224767746008839 2492 4
"ENSMUSG00000031007" 0.234599080003608 2601 4
"ENSMUSG00000026571" 0.235861820149725 2615 4
"ENSMUSG00000002768" 0.235952015874448 2616 4
"ENSMUSG00000006920" 0.240371606385857 2665 4
"ENSMUSG00000078349" 0.24046180211058 2666 4
"ENSMUSG00000038025" 0.249481374582845 2766 4
"ENSMUSG00000091811" 0.250022548931181 2772 4
"ENSMUSG00000038762" 0.252277442049247 2797 4
"ENSMUSG00000015837" 0.256606836835934 2845 4
"ENSMUSG00000051355" 0.258410751330387 2865 4
"ENSMUSG00000022389" 0.258951925678723 2871 4
"ENSMUSG00000040022" 0.261297014521512 2897 4
"ENSMUSG00000059586" 0.262018580319293 2905 4
"ENSMUSG00000033429" 0.263371516190133 2920 4
"ENSMUSG00000040616" 0.264724452060972 2935 4
"ENSMUSG00000040945" 0.265896996482367 2948 4
"ENSMUSG00000025413" 0.267971498150988 2971 4
"ENSMUSG00000021972" 0.292324343826103 3241 4
"ENSMUSG00000060188" 0.292685126724993 3245 4
"ENSMUSG00000037652" 0.296563542888067 3288 4
"ENSMUSG00000039701" 0.310363488770632 3441 4
"ENSMUSG00000024327" 0.312979164787589 3470 4
"ENSMUSG00000048175" 0.31947325696762 3542 4
"ENSMUSG00000038305" 0.322179128709299 3572 4
"ENSMUSG00000046324" 0.328402633715162 3641 4
"ENSMUSG00000031563" 0.329665373861279 3655 4
"ENSMUSG00000030846" 0.333724181473798 3700 4
"ENSMUSG00000051510" 0.334535942996302 3709 4
"ENSMUSG00000031441" 0.335257508794083 3717 4
"ENSMUSG00000033790" 0.336971227563813 3736 4
"ENSMUSG00000036002" 0.338053576260485 3748 4
"ENSMUSG00000022434" 0.339045729232434 3759 4
"ENSMUSG00000033991" 0.342473166771895 3797 4
"ENSMUSG00000003541" 0.345449625687742 3830 4
"ENSMUSG00000006998" 0.347524127356363 3853 4
"ENSMUSG00000096199" 0.348967258951926 3869 4
"ENSMUSG00000059824" 0.35185352214305 3901 4
"ENSMUSG00000020088" 0.354018219536394 3925 4
"ENSMUSG00000036622" 0.357445657075855 3963 4
"ENSMUSG00000037149" 0.36069270316587 3999 4
"ENSMUSG00000074829" 0.363218183458104 4027 4
"ENSMUSG00000069114" 0.368810318390908 4089 4
"ENSMUSG00000049124" 0.36989266708758 4101 4
"ENSMUSG00000037851" 0.370524037160639 4108 4
"ENSMUSG00000007880" 0.372237755930369 4127 4
"ENSMUSG00000026520" 0.374222061874267 4149 4
"ENSMUSG00000003199" 0.376476954992333 4174 4
"ENSMUSG00000063273" 0.377920086587896 4190 4
"ENSMUSG00000046962" 0.3835122215207 4252 4
"ENSMUSG00000003949" 0.383782808694868 4255 4
"ENSMUSG00000020171" 0.384143591593758 4259 4
"ENSMUSG00000020680" 0.384504374492649 4263 4
"ENSMUSG00000034845" 0.387029854784883 4291 4
"ENSMUSG00000055799" 0.392351402543519 4350 4
"ENSMUSG00000060090" 0.395327861459367 4383 4
"ENSMUSG00000029439" 0.395869035807703 4389 4
"ENSMUSG00000010067" 0.396680797330207 4398 4
"ENSMUSG00000041415" 0.408225850094706 4526 4
"ENSMUSG00000038022" 0.412374853431947 4572 4
"ENSMUSG00000037395" 0.412555244881393 4574 4
"ENSMUSG00000020375" 0.413998376476955 4590 4
"ENSMUSG00000079508" 0.414449355100568 4595 4
"ENSMUSG00000016946" 0.415441508072517 4606 4
"ENSMUSG00000028656" 0.422025795977271 4679 4
"ENSMUSG00000000134" 0.427166952286462 4736 4
"ENSMUSG00000042507" 0.429421845404528 4761 4
"ENSMUSG00000038742" 0.43699828628123 4845 4
"ENSMUSG00000022031" 0.438712005050961 4864 4
"ENSMUSG00000016541" 0.442951204112925 4911 4
"ENSMUSG00000023051" 0.447370794624335 4960 4
"ENSMUSG00000038210" 0.449445296292956 4983 4
"ENSMUSG00000042608" 0.451790385135745 5009 4
"ENSMUSG00000030180" 0.461441327681068 5116 4
"ENSMUSG00000027624" 0.466582483990259 5173 4
"ENSMUSG00000045411" 0.478849102552539 5309 4
"ENSMUSG00000024983" 0.48570397763146 5385 4
"ENSMUSG00000001288" 0.492558852710382 5461 4
"ENSMUSG00000041439" 0.497429421845405 5515 4
"ENSMUSG00000053950" 0.498692161991522 5529 4
"ENSMUSG00000004100" 0.512311716424641 5680 4
"ENSMUSG00000037032" 0.518174438531614 5745 4
"ENSMUSG00000037331" 0.518625417155227 5750 4
"ENSMUSG00000048497" 0.524939117885812 5820 4
"ENSMUSG00000055723" 0.527103815279156 5844 4
"ENSMUSG00000022159" 0.530441057093894 5881 4
"ENSMUSG00000072258" 0.530892035717507 5886 4
"ENSMUSG00000021540" 0.539821412465049 5985 4
"ENSMUSG00000028381" 0.541715522684225 6006 4
"ENSMUSG00000017837" 0.543158654279787 6022 4
"ENSMUSG00000027364" 0.552088031027329 6121 4
"ENSMUSG00000036968" 0.554703707044286 6150 4
"ENSMUSG00000033227" 0.555064489943177 6154 4
"ENSMUSG00000025228" 0.558762514656805 6195 4
"ENSMUSG00000026771" 0.559844863353477 6207 4
"ENSMUSG00000018395" 0.561197799224317 6222 4
"ENSMUSG00000022724" 0.563633083791828 6249 4
"ENSMUSG00000041471" 0.56642915125823 6280 4
"ENSMUSG00000025340" 0.570036980247136 6320 4
"ENSMUSG00000037210" 0.575989898078831 6386 4
"ENSMUSG00000026427" 0.576891855326058 6396 4
"ENSMUSG00000003352" 0.584107513303869 6476 4
"ENSMUSG00000007888" 0.586813385045549 6506 4
"ENSMUSG00000032507" 0.588978082438892 6530 4
"ENSMUSG00000023156" 0.589068278163615 6531 4
"ENSMUSG00000040605" 0.590962388382791 6552 4
"ENSMUSG00000079555" 0.598538829259493 6636 4
"ENSMUSG00000021068" 0.598899612158384 6640 4
"ENSMUSG00000001156" 0.605032921439524 6708 4
"ENSMUSG00000056870" 0.606927031658699 6729 4
"ENSMUSG00000031822" 0.621628934788491 6892 4
"ENSMUSG00000038055" 0.624966176603229 6929 4
"ENSMUSG00000020525" 0.625056372327952 6930 4
"ENSMUSG00000034771" 0.625146568052674 6931 4
"ENSMUSG00000039270" 0.630558311536033 6991 4
"ENSMUSG00000090083" 0.635789663569947 7049 4
"ENSMUSG00000028080" 0.63587985929467 7050 4
"ENSMUSG00000054256" 0.638044556688013 7074 4
"ENSMUSG00000030199" 0.650581762424461 7213 4
"ENSMUSG00000078908" 0.652475872643637 7234 4
"ENSMUSG00000028247" 0.656985658879769 7284 4
"ENSMUSG00000026596" 0.657887616126996 7294 4
"ENSMUSG00000070814" 0.661134662217011 7330 4
"ENSMUSG00000040564" 0.663209163885632 7353 4
"ENSMUSG00000028862" 0.664111121132858 7363 4
"ENSMUSG00000045078" 0.670875800487057 7438 4
"ENSMUSG00000035759" 0.68323261477406 7575 4
"ENSMUSG00000069094" 0.689546315504645 7645 4
"ENSMUSG00000045838" 0.691981600072157 7672 4
"ENSMUSG00000022676" 0.698024713628574 7739 4
"ENSMUSG00000017801" 0.699467845224136 7755 4
"ENSMUSG00000036377" 0.711824659511139 7892 4
"ENSMUSG00000018239" 0.713267791106702 7908 4
"ENSMUSG00000029859" 0.725624605393704 8045 4
"ENSMUSG00000035439" 0.726075584017318 8050 4
"ENSMUSG00000036986" 0.728691260034274 8079 4
"ENSMUSG00000003477" 0.729503021556778 8088 4
"ENSMUSG00000047996" 0.739875529899883 8203 4
"ENSMUSG00000046814" 0.740687291422387 8212 4
"ENSMUSG00000025019" 0.744385316136015 8253 4
"ENSMUSG00000028214" 0.750879408316046 8325 4
"ENSMUSG00000097416" 0.751059799765491 8327 4
"ENSMUSG00000033671" 0.754397041580229 8364 4
"ENSMUSG00000042644" 0.762695048254713 8456 4
"ENSMUSG00000014158" 0.763867592676107 8469 4
"ENSMUSG00000067787" 0.770993054929196 8548 4
"ENSMUSG00000004473" 0.775142058266438 8594 4
"ENSMUSG00000021835" 0.785875349508433 8713 4
"ENSMUSG00000048399" 0.786145936682601 8716 4
"ENSMUSG00000040229" 0.788400829800668 8741 4
"ENSMUSG00000062044" 0.78849102552539 8741 4
"ENSMUSG00000020135" 0.79020474429512 8761 4
"ENSMUSG00000036686" 0.792549833137909 8787 4
"ENSMUSG00000025209" 0.792640028862632 8787 4
"ENSMUSG00000029735" 0.797059619374042 8837 4
"ENSMUSG00000020752" 0.801118426986561 8882 4
"ENSMUSG00000033124" 0.803192928655182 8905 4
"ENSMUSG00000001632" 0.804185081627131 8916 4
"ENSMUSG00000031974" 0.807161540542978 8949 4
"ENSMUSG00000059791" 0.812483088301615 9008 4
"ENSMUSG00000038729" 0.818977180481645 9080 4
"ENSMUSG00000096718" 0.819067376206368 9080 4
"ENSMUSG00000058624" 0.821412465049157 9107 4
"ENSMUSG00000024128" 0.825832055560566 9156 4
"ENSMUSG00000034601" 0.829800667448363 9200 4
"ENSMUSG00000018983" 0.829890863173086 9200 4
"ENSMUSG00000020475" 0.832596734914765 9231 4
"ENSMUSG00000071266" 0.834671236583386 9254 4
"ENSMUSG00000048747" 0.836745738252007 9277 4
"ENSMUSG00000003411" 0.83683593397673 9277 4
"ENSMUSG00000028115" 0.846486876522053 9385 4
"ENSMUSG00000030443" 0.85694958058988 9501 4
"ENSMUSG00000028974" 0.865067195814918 9591 4
"ENSMUSG00000056536" 0.868133850455489 9625 4
"ENSMUSG00000013150" 0.872643636691621 9675 4
"ENSMUSG00000069456" 0.875259312708578 9704 4
"ENSMUSG00000027439" 0.880761251916659 9765 4
"ENSMUSG00000090363" 0.883647515107784 9797 4
"ENSMUSG00000096977" 0.883737710832507 9797 4
"ENSMUSG00000112593" 0.89203571750699 9890 4
"ENSMUSG00000067916" 0.89338865337783 9905 4
"ENSMUSG00000112907" 0.893478849102553 9905 4
"ENSMUSG00000097793" 0.893569044827275 9905 4
"ENSMUSG00000028890" 0.895192567872283 9925 4
"ENSMUSG00000071724" 0.898349418237576 9960 4
"ENSMUSG00000043153" 0.900784702805087 9987 4
"ENSMUSG00000104786" 0.90087489852981 9987 4
"ENSMUSG00000052928" 0.909172905204293 10080 4
"ENSMUSG00000029034" 0.91142779832236 10105 4
"ENSMUSG00000010529" 0.911517994047082 10105 4
"ENSMUSG00000029213" 0.911608189771805 10105 4
"ENSMUSG00000026558" 0.924506178407144 10250 4
"ENSMUSG00000072214" 0.924596374131866 10250 4
"ENSMUSG00000027792" 0.926039505727429 10267 4
"ENSMUSG00000041688" 0.926129701452151 10267 4
"ENSMUSG00000030393" 0.929196356092721 10302 4
"ENSMUSG00000029500" 0.936412014070533 10382 4
"ENSMUSG00000045930" 0.936502209795256 10382 4
"ENSMUSG00000070639" 0.936592405519978 10382 4
"ENSMUSG00000024392" 0.94687471813836 10498 4
"ENSMUSG00000026974" 0.949310002705872 10525 4
"ENSMUSG00000027702" 0.952106070172274 10556 4
"ENSMUSG00000081058" 0.956345269234238 10603 4
"ENSMUSG00000085095" 0.964102101560386 10689 4
"ENSMUSG00000021738" 0.964192297285109 10689 4
"ENSMUSG00000032327" 0.969784432217913 10752 4
"ENSMUSG00000051515" 0.975917741499053 10820 4
"ENSMUSG00000031171" 0.976007937223776 10820 4
"ENSMUSG00000021010" 0.976098132948498 10820 4
"ENSMUSG00000020691" 0.976188328673221 10820 4
"ENSMUSG00000092178" 0.976278524397944 10820 4
"ENSMUSG00000021998" 0.976368720122666 10820 4
"ENSMUSG00000056592" 0.981329484982412 10880 4
"ENSMUSG00000037366" 0.981419680707135 10880 4
"ENSMUSG00000005897" 0.981509876431857 10880 4
"ENSMUSG00000034839" 0.98160007215658 10880 4
"ENSMUSG00000032579" 0.986109858392712 10933 4
"ENSMUSG00000086591" 0.986200054117435 10933 4


"gene_symbol" "cumFraction" "rank" "indicator"
"ENSMUSG00000058600" 0.00287320424734541 46 5
"ENSMUSG00000016998" 0.00387257963772642 62 5
"ENSMUSG00000061315" 0.00699562773266708 112 5
"ENSMUSG00000003477" 0.0146158650843223 234 5
"ENSMUSG00000022136" 0.0179887570268582 288 5
"ENSMUSG00000029838" 0.0181136789506558 290 5
"ENSMUSG00000073889" 0.0201748906933167 323 5
"ENSMUSG00000084786" 0.029106808244847 466 5
"ENSMUSG00000031231" 0.0322298563397876 516 5
"ENSMUSG00000032239" 0.0333541536539663 534 5
"ENSMUSG00000050856" 0.036789506558401 589 5
"ENSMUSG00000027006" 0.0468457214241099 750 5
"ENSMUSG00000038502" 0.0474078700811992 759 5
"ENSMUSG00000020994" 0.0474703310430981 760 5
"ENSMUSG00000031007" 0.0484072454715803 775 5
"ENSMUSG00000022186" 0.0571517801374141 915 5
"ENSMUSG00000026131" 0.0594003747657714 951 5
"ENSMUSG00000002289" 0.0603372891942536 966 5
"ENSMUSG00000071072" 0.0660212367270456 1057 5
"ENSMUSG00000059824" 0.0673953778888195 1079 5
"ENSMUSG00000028249" 0.0699562773266708 1120 5
"ENSMUSG00000000787" 0.0740787008119925 1186 5
"ENSMUSG00000037772" 0.0742660836976889 1189 5
"ENSMUSG00000018340" 0.0779512804497189 1248 5
"ENSMUSG00000037712" 0.0810743285446596 1298 5
"ENSMUSG00000027479" 0.0824484697064335 1320 5
"ENSMUSG00000022521" 0.0838850718301062 1343 5
"ENSMUSG00000020088" 0.086633354153654 1387 5
"ENSMUSG00000038374" 0.0878201124297314 1406 5
"ENSMUSG00000040022" 0.0880699562773267 1410 5
"ENSMUSG00000020485" 0.0956901936289819 1532 5
"ENSMUSG00000057236" 0.0960649594003748 1538 5
"ENSMUSG00000020519" 0.0968769519050593 1551 5
"ENSMUSG00000006998" 0.0970643347907558 1554 5
"ENSMUSG00000037740" 0.11686445971268 1871 5
"ENSMUSG00000021124" 0.117551530293567 1882 5
"ENSMUSG00000028772" 0.119237976264834 1909 5
"ENSMUSG00000024327" 0.119362898188632 1911 5
"ENSMUSG00000037710" 0.121236727045597 1941 5
"ENSMUSG00000002602" 0.121673953778888 1948 5
"ENSMUSG00000028800" 0.125234228607121 2005 5
"ENSMUSG00000020232" 0.126483447845097 2025 5
"ENSMUSG00000048578" 0.130168644597127 2084 5
"ENSMUSG00000039943" 0.130356027482823 2087 5
"ENSMUSG00000033022" 0.134853216739538 2159 5
"ENSMUSG00000007415" 0.137039350405996 2194 5
"ENSMUSG00000051355" 0.138850718301062 2223 5
"ENSMUSG00000033429" 0.139725171767645 2237 5
"ENSMUSG00000030180" 0.145159275452842 2324 5
"ENSMUSG00000042198" 0.151093066833229 2419 5
"ENSMUSG00000015165" 0.15159275452842 2427 5
"ENSMUSG00000018395" 0.153216739537789 2453 5
"ENSMUSG00000041415" 0.154840724547158 2479 5
"ENSMUSG00000051510" 0.157089319175515 2515 5
"ENSMUSG00000001288" 0.158838226108682 2543 5
"ENSMUSG00000042207" 0.160961898813242 2577 5
"ENSMUSG00000007880" 0.166520924422236 2666 5
"ENSMUSG00000003949" 0.17001873828857 2722 5
"ENSMUSG00000033227" 0.173641474078701 2780 5
"ENSMUSG00000029213" 0.17682698313554 2831 5
"ENSMUSG00000055320" 0.177826358525921 2847 5
"ENSMUSG00000014301" 0.179637726420987 2876 5
"ENSMUSG00000023067" 0.182760774515928 2926 5
"ENSMUSG00000063273" 0.184447220487196 2953 5
"ENSMUSG00000024392" 0.186883198001249 2992 5
"ENSMUSG00000015672" 0.188632104934416 3020 5
"ENSMUSG00000037331" 0.188819487820112 3023 5
"ENSMUSG00000020680" 0.189693941286696 3037 5
"ENSMUSG00000003541" 0.191317926296065 3063 5
"ENSMUSG00000048497" 0.191755153029357 3070 5
"ENSMUSG00000037652" 0.192192379762648 3077 5
"ENSMUSG00000031441" 0.193941286695815 3105 5
"ENSMUSG00000051319" 0.20212367270456 3236 5
"ENSMUSG00000045078" 0.204309806371018 3271 5
"ENSMUSG00000074896" 0.211242973141786 3382 5
"ENSMUSG00000034845" 0.22054965646471 3531 5
"ENSMUSG00000032327" 0.221111805121799 3540 5
"ENSMUSG00000029439" 0.23791380387258 3809 5
"ENSMUSG00000059586" 0.243535290443473 3899 5
"ENSMUSG00000031490" 0.246970643347908 3954 5
"ENSMUSG00000016308" 0.252404747033104 4041 5
"ENSMUSG00000036686" 0.254965646470956 4082 5
"ENSMUSG00000010067" 0.25896314803248 4146 5
"ENSMUSG00000021978" 0.265896314803248 4257 5
"ENSMUSG00000036968" 0.268707058088695 4302 5
"ENSMUSG00000028214" 0.273953778888195 4386 5
"ENSMUSG00000025228" 0.275515302935665 4411 5
"ENSMUSG00000085604" 0.280262336039975 4487 5
"ENSMUSG00000025413" 0.283198001249219 4534 5
"ENSMUSG00000045411" 0.28369768894441 4542 5
"ENSMUSG00000073684" 0.288881948782011 4625 5
"ENSMUSG00000045210" 0.292816989381636 4688 5
"ENSMUSG00000028656" 0.29737663960025 4761 5
"ENSMUSG00000037395" 0.299750156152405 4799 5
"ENSMUSG00000019761" 0.309244222361024 4951 5
"ENSMUSG00000041731" 0.323797626483448 5184 5
"ENSMUSG00000033991" 0.332354778263585 5321 5
"ENSMUSG00000022159" 0.332542161149282 5324 5
"ENSMUSG00000018415" 0.33366645846346 5342 5
"ENSMUSG00000060188" 0.334041224234853 5348 5
"ENSMUSG00000038025" 0.340037476577139 5444 5
"ENSMUSG00000004100" 0.343785134291068 5504 5
"ENSMUSG00000036622" 0.351155527795128 5622 5
"ENSMUSG00000000134" 0.357276702061212 5720 5
"ENSMUSG00000027439" 0.359150530918176 5750 5
"ENSMUSG00000026427" 0.36158650843223 5789 5
"ENSMUSG00000033124" 0.362148657089319 5798 5
"ENSMUSG00000038210" 0.362523422860712 5804 5
"ENSMUSG00000001131" 0.36633354153654 5865 5
"ENSMUSG00000023078" 0.367020612117427 5876 5
"ENSMUSG00000023156" 0.373329169269207 5977 5
"ENSMUSG00000021972" 0.375640224859463 6014 5
"ENSMUSG00000029034" 0.376202373516552 6023 5
"ENSMUSG00000027201" 0.379700187382886 6079 5
"ENSMUSG00000027624" 0.380699562773267 6095 5
"ENSMUSG00000021738" 0.385134291068082 6166 5
"ENSMUSG00000018239" 0.387008119925047 6196 5
"ENSMUSG00000020525" 0.391505309181761 6268 5
"ENSMUSG00000079508" 0.394003747657714 6308 5
"ENSMUSG00000031171" 0.399687695190506 6399 5
"ENSMUSG00000048175" 0.401748906933167 6432 5
"ENSMUSG00000038022" 0.404871955028107 6482 5
"ENSMUSG00000096199" 0.406558400999375 6509 5
"ENSMUSG00000090083" 0.406620861961274 6510 5
"ENSMUSG00000026571" 0.419050593379138 6709 5
"ENSMUSG00000025650" 0.42579637726421 6817 5
"ENSMUSG00000037032" 0.432792004996877 6929 5
"ENSMUSG00000045930" 0.435602748282323 6974 5
"ENSMUSG00000042608" 0.440349781386633 7050 5
"ENSMUSG00000060044" 0.441973766396002 7076 5
"ENSMUSG00000067787" 0.442723297938788 7088 5
"ENSMUSG00000024983" 0.444159900062461 7111 5
"ENSMUSG00000074829" 0.454403497813866 7275 5
"ENSMUSG00000069094" 0.461961274203623 7396 5
"ENSMUSG00000049124" 0.464272329793879 7433 5
"ENSMUSG00000005225" 0.482011242973142 7717 5
"ENSMUSG00000069114" 0.48369768894441 7744 5
"ENSMUSG00000026596" 0.494565896314803 7918 5
"ENSMUSG00000079555" 0.498376014990631 7979 5
"ENSMUSG00000026974" 0.500562148657089 8014 5
"ENSMUSG00000028381" 0.508057464084947 8134 5
"ENSMUSG00000040945" 0.508682073703935 8144 5
"ENSMUSG00000028890" 0.521299188007495 8346 5
"ENSMUSG00000031974" 0.52154903185509 8350 5
"ENSMUSG00000041471" 0.524297314178638 8394 5
"ENSMUSG00000028862" 0.525983760149906 8421 5
"ENSMUSG00000058486" 0.536414740787008 8588 5
"ENSMUSG00000037366" 0.538226108682074 8617 5
"ENSMUSG00000036002" 0.538850718301062 8627 5
"ENSMUSG00000039270" 0.548219862585884 8777 5
"ENSMUSG00000034771" 0.55103060587133 8822 5
"ENSMUSG00000056536" 0.55577763897564 8898 5
"ENSMUSG00000013150" 0.557401623985009 8924 5
"ENSMUSG00000027364" 0.562585883822611 9007 5
"ENSMUSG00000027199" 0.56264834478451 9008 5
"ENSMUSG00000022676" 0.567270455965022 9082 5
"ENSMUSG00000034601" 0.569643972517177 9120 5
"ENSMUSG00000022724" 0.570705808869457 9137 5
"ENSMUSG00000029500" 0.574828232354778 9203 5
"ENSMUSG00000055723" 0.576951905059338 9237 5
"ENSMUSG00000097039" 0.580699562773267 9297 5
"ENSMUSG00000005897" 0.584509681449094 9358 5
"ENSMUSG00000027792" 0.584697064334791 9361 5
"ENSMUSG00000045838" 0.585071830106184 9367 5
"ENSMUSG00000042507" 0.587008119925047 9398 5
"ENSMUSG00000110945" 0.592504684572142 9486 5
"ENSMUSG00000072258" 0.593504059962523 9502 5
"ENSMUSG00000028247" 0.595940037476577 9541 5
"ENSMUSG00000070814" 0.601998750780762 9638 5
"ENSMUSG00000020752" 0.60474703310431 9682 5
"ENSMUSG00000112593" 0.606870705808869 9716 5
"ENSMUSG00000043153" 0.607058088694566 9719 5
"ENSMUSG00000071266" 0.607120549656465 9720 5
"ENSMUSG00000040616" 0.610118675827608 9768 5
"ENSMUSG00000086591" 0.614615865084322 9840 5
"ENSMUSG00000028893" 0.623547782635853 9983 5
"ENSMUSG00000027420" 0.627170518425984 10041 5
"ENSMUSG00000036918" 0.633728919425359 10146 5
"ENSMUSG00000070639" 0.635415365396627 10173 5
"ENSMUSG00000041688" 0.635665209244222 10177 5
"ENSMUSG00000052131" 0.635977514053716 10182 5
"ENSMUSG00000033458" 0.636102435977514 10184 5
"ENSMUSG00000052928" 0.636789506558401 10195 5
"ENSMUSG00000053950" 0.639163023110556 10233 5
"ENSMUSG00000051515" 0.649156777014366 10393 5
"ENSMUSG00000019863" 0.652904434728295 10453 5
"ENSMUSG00000032579" 0.65733916302311 10524 5
"ENSMUSG00000036800" 0.6579013116802 10533 5
"ENSMUSG00000028115" 0.659587757651468 10560 5
"ENSMUSG00000014158" 0.661961274203623 10598 5
"ENSMUSG00000022382" 0.665396627108057 10653 5
"ENSMUSG00000026558" 0.667582760774516 10688 5
"ENSMUSG00000078908" 0.668019987507808 10695 5
"ENSMUSG00000029735" 0.678450968144909 10862 5
"ENSMUSG00000021047" 0.68369768894441 10946 5
"ENSMUSG00000054256" 0.686633354153654 10993 5
"ENSMUSG00000095742" 0.694128669581511 11113 5
"ENSMUSG00000078349" 0.694378513429107 11117 5
"ENSMUSG00000095595" 0.697314178638351 11164 5
"ENSMUSG00000030443" 0.702873204247345 11253 5
"ENSMUSG00000085095" 0.706058713304185 11304 5
"ENSMUSG00000072214" 0.713866333541536 11429 5
"ENSMUSG00000067916" 0.715615240474703 11457 5
"ENSMUSG00000038453" 0.724109931292942 11593 5
"ENSMUSG00000097537" 0.728794503435353 11668 5
"ENSMUSG00000040594" 0.729731417863835 11683 5
"ENSMUSG00000024776" 0.734415990006246 11758 5
"ENSMUSG00000057751" 0.740349781386633 11853 5
"ENSMUSG00000025175" 0.743722673329169 11907 5
"ENSMUSG00000073471" 0.744472204871955 11919 5
"ENSMUSG00000033107" 0.745971267957526 11943 5
"ENSMUSG00000046814" 0.748282323547783 11980 5
"ENSMUSG00000075410" 0.749094316052467 11993 5
"ENSMUSG00000010529" 0.750156152404747 12010 5
"ENSMUSG00000094379" 0.752029981261711 12040 5
"ENSMUSG00000025912" 0.754341036851967 12077 5
"ENSMUSG00000021098" 0.755153029356652 12090 5
"ENSMUSG00000039257" 0.756964397251718 12119 5
"ENSMUSG00000055978" 0.759962523422861 12167 5
"ENSMUSG00000001763" 0.762835727670206 12213 5
"ENSMUSG00000048747" 0.766708307307932 12275 5
"ENSMUSG00000071724" 0.771892567145534 12358 5
"ENSMUSG00000096977" 0.774141161773891 12394 5
"ENSMUSG00000050132" 0.774765771392879 12404 5
"ENSMUSG00000062044" 0.777826358525921 12453 5
"ENSMUSG00000018169" 0.784384759525297 12558 5
"ENSMUSG00000020135" 0.785446595877576 12575 5
"ENSMUSG00000021010" 0.787445346658338 12607 5
"ENSMUSG00000040569" 0.787695190505934 12611 5
"ENSMUSG00000035735" 0.793878825733916 12710 5
"ENSMUSG00000022306" 0.795315427857589 12733 5
"ENSMUSG00000024134" 0.797314178638351 12765 5
"ENSMUSG00000037386" 0.799063085571518 12793 5
"ENSMUSG00000043549" 0.801811367895065 12837 5
"ENSMUSG00000039578" 0.802935665209244 12855 5
"ENSMUSG00000097960" 0.816364772017489 13070 5
"ENSMUSG00000033214" 0.824297314178638 13197 5
"ENSMUSG00000034035" 0.825359150530918 13214 5
"ENSMUSG00000039377" 0.825983760149906 13224 5
"ENSMUSG00000053141" 0.827670206121174 13251 5
"ENSMUSG00000053930" 0.829856339787633 13286 5
"ENSMUSG00000030393" 0.832167395377889 13323 5
"ENSMUSG00000024029" 0.843847595252967 13510 5
"ENSMUSG00000056592" 0.848032479700187 13577 5
"ENSMUSG00000115591" 0.851217988757027 13628 5
"ENSMUSG00000020374" 0.854403497813866 13679 5
"ENSMUSG00000011008" 0.858026233603997 13737 5
"ENSMUSG00000090363" 0.860399750156152 13775 5
"ENSMUSG00000001014" 0.8631480324797 13819 5
"ENSMUSG00000046070" 0.865896314803248 13863 5
"ENSMUSG00000049122" 0.875202998126171 14012 5
"ENSMUSG00000030699" 0.875390381011867 14015 5
"ENSMUSG00000098022" 0.876577139287945 14034 5
"ENSMUSG00000029591" 0.877826358525921 14054 5
"ENSMUSG00000086544" 0.878263585259213 14061 5
"ENSMUSG00000087624" 0.882198625858838 14124 5
"ENSMUSG00000074651" 0.884634603372892 14163 5
"ENSMUSG00000030433" 0.886570893191755 14194 5
"ENSMUSG00000033952" 0.891505309181761 14273 5
"ENSMUSG00000048826" 0.892442223610243 14288 5
"ENSMUSG00000099465" 0.893191755153029 14300 5
"ENSMUSG00000097170" 0.895128044971892 14331 5
"ENSMUSG00000108171" 0.897251717676452 14365 5
"ENSMUSG00000097416" 0.899063085571518 14394 5
"ENSMUSG00000029716" 0.901374141161774 14431 5
"ENSMUSG00000000049" 0.901436602123673 14432 5
"ENSMUSG00000097148" 0.901811367895065 14438 5
"ENSMUSG00000035472" 0.905059337913804 14490 5
"ENSMUSG00000050014" 0.912804497189257 14614 5
"ENSMUSG00000036377" 0.916739537788882 14677 5
"ENSMUSG00000110273" 0.918613366645846 14707 5
"ENSMUSG00000034765" 0.922485946283573 14769 5
"ENSMUSG00000106777" 0.923360399750156 14783 5
"ENSMUSG00000086105" 0.923797626483448 14790 5
"ENSMUSG00000097998" 0.927482823235478 14849 5
"ENSMUSG00000085125" 0.933416614615865 14944 5
"ENSMUSG00000094520" 0.933728919425359 14949 5
"ENSMUSG00000110246" 0.93891317926296 15032 5
"ENSMUSG00000097520" 0.940037476577139 15050 5
"ENSMUSG00000087242" 0.942036227357901 15082 5
"ENSMUSG00000107230" 0.948719550281074 15189 5
"ENSMUSG00000061815" 0.950655840099937 15220 5
"ENSMUSG00000045534" 0.957776389756402 15334 5
"ENSMUSG00000032224" 0.965958775765147 15465 5
"ENSMUSG00000089697" 0.968144909431605 15500 5
"ENSMUSG00000090176" 0.969956277326671 15529 5
"ENSMUSG00000070337" 0.97314178638351 15580 5
"ENSMUSG00000050107" 0.974890693316677 15608 5
"ENSMUSG00000086016" 0.977763897564022 15654 5
"ENSMUSG00000108736" 0.981074328544659 15707 5
"ENSMUSG00000074004" 0.982823235477826 15735 5
"ENSMUSG00000110462" 0.982885696439725 15735 5
"ENSMUSG00000020258" 0.983198001249219 15741 5
"ENSMUSG00000021298" 0.984946908182386 15769 5
"ENSMUSG00000114744" 0.985321673953779 15775 5
"ENSMUSG00000069456" 0.989943785134291 15849 5
"ENSMUSG00000028175" 0.990755777638975 15862 5
"ENSMUSG00000100002" 0.995502810743285 15938 5
"ENSMUSG00000048399" 0.995565271705184 15938 5
"ENSMUSG00000024064" 0.999750156152405 16006 5


