"gene_symbol" "cumFraction" "rank" "indicator"
"ENSG00000142676" 0.00360445071305438 46 1
"ENSG00000142669" 0.00955963015201379 122 1
"ENSG00000116251" 0.00987306064880113 126 1
"ENSG00000169442" 0.0119103588779188 152 1
"ENSG00000162511" 0.0143394452280207 183 1
"ENSG00000074800" 0.0273468108446952 349 1
"ENSG00000077549" 0.0278169565898762 355 1
"ENSG00000182866" 0.0299326124431907 382 1
"ENSG00000117616" 0.0308729039335527 394 1
"ENSG00000020633" 0.0332236326594578 424 1
"ENSG00000070831" 0.0408243222065507 521 1
"ENSG00000116288" 0.0426265475630779 544 1
"ENSG00000028137" 0.0435668390534399 556 1
"ENSG00000133226" 0.0463877135245259 592 1
"ENSG00000184007" 0.0503055947343677 642 1
"ENSG00000121774" 0.0511675286005328 653 1
"ENSG00000198830" 0.0532048268296505 679 1
"ENSG00000197989" 0.0547719793135872 699 1
"ENSG00000127483" 0.0585331452750353 747 1
"ENSG00000130770" 0.0604137282557593 771 1
"ENSG00000125944" 0.0709136498981351 905 1
"ENSG00000183726" 0.0715405108917098 913 1
"ENSG00000188529" 0.0754583921015515 963 1
"ENSG00000142634" 0.0763986835919135 975 1
"ENSG00000187608" 0.0793762733113932 1013 1
"ENSG00000173436" 0.0829807240244476 1059 1
"ENSG00000116350" 0.0911299169409183 1163 1
"ENSG00000126698" 0.091286632189312 1165 1
"ENSG00000157873" 0.0941075066603981 1201 1
"ENSG00000189266" 0.0949694405265632 1212 1
"ENSG00000078808" 0.0956746591443347 1221 1
"ENSG00000117602" 0.0963798777621063 1230 1
"ENSG00000175756" 0.106331296035104 1357 1
"ENSG00000117614" 0.107349945149663 1370 1
"ENSG00000090273" 0.10915217050619 1393 1
"ENSG00000158195" 0.110014104372355 1404 1
"ENSG00000084623" 0.115499138066134 1474 1
"ENSG00000160075" 0.115577495690331 1475 1
"ENSG00000057757" 0.118084939664629 1507 1
"ENSG00000142765" 0.12153267512929 1551 1
"ENSG00000188290" 0.123178185237424 1572 1
"ENSG00000242485" 0.124431907224573 1588 1
"ENSG00000065526" 0.135872120357311 1734 1
"ENSG00000157191" 0.140260147312333 1790 1
"ENSG00000159023" 0.141670584547877 1808 1
"ENSG00000120948" 0.146136969127096 1865 1
"ENSG00000244038" 0.146450399623883 1869 1
"ENSG00000215788" 0.147077260617458 1877 1
"ENSG00000078369" 0.148330982604607 1893 1
"ENSG00000134644" 0.15718539413885 2006 1
"ENSG00000116731" 0.170036044507131 2170 1
"ENSG00000171603" 0.172073342736248 2196 1
"ENSG00000175130" 0.178812098417176 2282 1
"ENSG00000198492" 0.1806926813979 2306 1
"ENSG00000069424" 0.189076947186961 2413 1
"ENSG00000011009" 0.193073186021 2464 1
"ENSG00000116649" 0.194091835135559 2477 1
"ENSG00000127481" 0.204591756777934 2611 1
"ENSG00000116478" 0.204670114402131 2612 1
"ENSG00000117713" 0.204905187274722 2615 1
"ENSG00000127054" 0.205218617771509 2619 1
"ENSG00000162496" 0.208979783732957 2667 1
"ENSG00000117748" 0.211173797210469 2695 1
"ENSG00000171608" 0.211565585331453 2700 1
"ENSG00000157916" 0.213837956433161 2729 1
"ENSG00000055070" 0.221752076477041 2830 1
"ENSG00000204178" 0.226061745807867 2885 1
"ENSG00000171735" 0.228334116909575 2914 1
"ENSG00000130766" 0.231233349004858 2951 1
"ENSG00000126709" 0.23217364049522 2963 1
"ENSG00000157933" 0.233349004858173 2978 1
"ENSG00000117632" 0.234837799717913 2997 1
"ENSG00000221978" 0.240792979156872 3073 1
"ENSG00000162585" 0.242673562137596 3097 1
"ENSG00000169641" 0.242986992634383 3101 1
"ENSG00000158747" 0.244789217990911 3124 1
"ENSG00000242125" 0.24604293997806 3140 1
"ENSG00000117118" 0.259442093715719 3311 1
"ENSG00000090686" 0.268688293370945 3429 1
"ENSG00000189339" 0.284594891082902 3632 1
"ENSG00000117676" 0.28490832157969 3636 1
"ENSG00000008128" 0.293135872120357 3741 1
"ENSG00000272449" 0.294859739852688 3763 1
"ENSG00000160087" 0.307396959724181 3923 1
"ENSG00000097021" 0.30990440369848 3955 1
"ENSG00000198912" 0.310061118946874 3957 1
"ENSG00000116670" 0.321109543958627 4098 1
"ENSG00000186891" 0.321187901582824 4099 1
"ENSG00000248333" 0.325967716658831 4160 1
"ENSG00000188976" 0.326672935276602 4169 1
"ENSG00000158062" 0.329102021626704 4200 1
"ENSG00000060688" 0.329650524996082 4207 1
"ENSG00000116285" 0.332079611346184 4238 1
"ENSG00000053371" 0.335997492556026 4288 1
"ENSG00000142599" 0.336232565428616 4291 1
"ENSG00000162517" 0.336781068797994 4298 1
"ENSG00000162441" 0.339210155148096 4329 1
"ENSG00000171824" 0.340620592383639 4347 1
"ENSG00000180098" 0.342971321109544 4377 1
"ENSG00000204138" 0.343049678733741 4378 1
"ENSG00000160058" 0.347672778561354 4437 1
"ENSG00000075151" 0.351512302146999 4486 1
"ENSG00000171612" 0.352687666509951 4501 1
"ENSG00000117318" 0.353079454630936 4506 1
"ENSG00000004487" 0.363579376273311 4640 1
"ENSG00000130764" 0.36459802538787 4653 1
"ENSG00000142657" 0.364754740636264 4655 1
"ENSG00000116198" 0.36781068797994 4694 1
"ENSG00000025800" 0.36929948283968 4713 1
"ENSG00000058453" 0.372903933552735 4759 1
"ENSG00000120656" 0.377762106252938 4821 1
"ENSG00000121766" 0.385911299169409 4925 1
"ENSG00000117758" 0.387243378780755 4942 1
"ENSG00000157881" 0.401347751136186 5122 1
"ENSG00000176022" 0.404795486600846 5166 1
"ENSG00000186827" 0.406127566212192 5183 1
"ENSG00000198746" 0.411847672778561 5256 1
"ENSG00000116691" 0.413963328631876 5283 1
"ENSG00000001461" 0.416705845478765 5318 1
"ENSG00000177674" 0.418351355586899 5339 1
"ENSG00000116809" 0.424071462153267 5412 1
"ENSG00000142684" 0.424463250274252 5417 1
"ENSG00000067606" 0.425403541764614 5429 1
"ENSG00000116213" 0.429007992477668 5475 1
"ENSG00000116786" 0.440526563234603 5622 1
"ENSG00000157978" 0.4455414511832 5686 1
"ENSG00000049239" 0.447108603667137 5706 1
"ENSG00000037637" 0.450948127252782 5755 1
"ENSG00000198793" 0.453142140730293 5783 1
"ENSG00000159363" 0.454004074596458 5794 1
"ENSG00000117298" 0.457608525309513 5840 1
"ENSG00000048707" 0.458000313430497 5845 1
"ENSG00000162419" 0.462545055633913 5903 1
"ENSG00000169991" 0.462780128506504 5906 1
"ENSG00000179743" 0.46708979783733 5961 1
"ENSG00000049249" 0.471007679047171 6011 1
"ENSG00000116237" 0.473044977276289 6037 1
"ENSG00000131584" 0.478530010970067 6107 1
"ENSG00000007923" 0.478843441466855 6111 1
"ENSG00000090432" 0.479548660084626 6120 1
"ENSG00000179051" 0.47994044820561 6125 1
"ENSG00000120942" 0.481115812568563 6140 1
"ENSG00000142784" 0.484171759912239 6179 1
"ENSG00000204160" 0.48934336310923 6245 1
"ENSG00000009780" 0.489578435981821 6248 1
"ENSG00000197530" 0.491145588465758 6268 1
"ENSG00000116688" 0.501645510108134 6402 1
"ENSG00000084652" 0.502429086350102 6412 1
"ENSG00000228794" 0.505328318445385 6449 1
"ENSG00000132879" 0.506582040432534 6465 1
"ENSG00000008130" 0.506973828553518 6470 1
"ENSG00000197785" 0.510029775897195 6509 1
"ENSG00000162545" 0.510186491145588 6511 1
"ENSG00000204859" 0.528365459959254 6743 1
"ENSG00000186501" 0.528443817583451 6744 1
"ENSG00000049245" 0.530402758188372 6769 1
"ENSG00000121775" 0.531656480175521 6785 1
"ENSG00000053372" 0.53267512929008 6798 1
"ENSG00000116685" 0.532988559786867 6802 1
"ENSG00000142751" 0.536593010499922 6848 1
"ENSG00000117643" 0.540745964582354 6901 1
"ENSG00000142655" 0.5420780441937 6918 1
"ENSG00000176083" 0.547328005014888 6985 1
"ENSG00000180198" 0.548973515123021 7006 1
"ENSG00000090020" 0.550462309982761 7025 1
"ENSG00000224051" 0.554536906440997 7077 1
"ENSG00000060642" 0.55594734367654 7095 1
"ENSG00000162542" 0.557279423287886 7112 1
"ENSG00000218510" 0.565506973828553 7217 1
"ENSG00000116661" 0.568484563548033 7255 1
"ENSG00000116663" 0.575223319228961 7341 1
"ENSG00000224870" 0.575536749725748 7345 1
"ENSG00000011007" 0.580316564801755 7406 1
"ENSG00000158828" 0.580394922425952 7407 1
"ENSG00000130775" 0.585174737501959 7468 1
"ENSG00000130939" 0.59058141357154 7537 1
"ENSG00000173372" 0.594107506660398 7582 1
"ENSG00000160055" 0.601864911455885 7681 1
"ENSG00000126705" 0.606488011283498 7740 1
"ENSG00000116273" 0.6089170976336 7771 1
"ENSG00000184677" 0.612443190722457 7816 1
"ENSG00000160049" 0.614558846575772 7843 1
"ENSG00000158156" 0.620278953142141 7916 1
"ENSG00000116138" 0.621375959880896 7930 1
"ENSG00000237491" 0.621611032753487 7933 1
"ENSG00000178585" 0.624118476727786 7965 1
"ENSG00000142733" 0.624353549600376 7968 1
"ENSG00000225880" 0.624431907224573 7969 1
"ENSG00000162408" 0.630308729039335 8044 1
"ENSG00000272106" 0.631797523899075 8063 1
"ENSG00000117751" 0.634853471242752 8102 1
"ENSG00000049246" 0.643237737031813 8209 1
"ENSG00000159189" 0.644569816643159 8226 1
"ENSG00000117305" 0.645745181006112 8241 1
"ENSG00000162413" 0.647704121611033 8266 1
"ENSG00000233954" 0.648957843598182 8282 1
"ENSG00000179163" 0.651935433317662 8320 1
"ENSG00000142632" 0.657498824635637 8391 1
"ENSG00000187017" 0.657890612756621 8396 1
"ENSG00000157870" 0.658595831374393 8405 1
"ENSG00000142794" 0.660476414355117 8429 1
"ENSG00000176092" 0.66533458705532 8491 1
"ENSG00000215014" 0.674345713837956 8606 1
"ENSG00000054523" 0.675521078200909 8621 1
"ENSG00000175793" 0.677244945933239 8643 1
"ENSG00000169972" 0.68688293370945 8766 1
"ENSG00000127463" 0.687353079454631 8772 1
"ENSG00000188807" 0.690330669174111 8810 1
"ENSG00000177000" 0.695188841874314 8872 1
"ENSG00000040487" 0.695580629995298 8877 1
"ENSG00000130695" 0.698714934963172 8917 1
"ENSG00000001460" 0.700438802695502 8939 1
"ENSG00000197312" 0.704356683905344 8989 1
"ENSG00000219481" 0.708196207490989 9038 1
"ENSG00000041988" 0.709998432847516 9061 1
"ENSG00000185436" 0.712662592070208 9095 1
"ENSG00000117640" 0.717520764770412 9157 1
"ENSG00000131591" 0.718696129133365 9172 1
"ENSG00000162430" 0.720028208744711 9189 1
"ENSG00000175279" 0.72300579846419 9227 1
"ENSG00000132906" 0.734916157342109 9379 1
"ENSG00000162458" 0.744945933239304 9507 1
"ENSG00000264443" 0.75074439742987 9581 1
"ENSG00000189409" 0.753016768531578 9610 1
"ENSG00000228526" 0.753095126155775 9611 1
"ENSG00000117682" 0.754505563391318 9629 1
"ENSG00000149527" 0.75865851747375 9682 1
"ENSG00000225828" 0.766964425638615 9788 1
"ENSG00000158109" 0.76782635950478 9799 1
"ENSG00000160050" 0.769706942485504 9823 1
"ENSG00000158825" 0.770098730606488 9828 1
"ENSG00000169914" 0.772449459332393 9858 1
"ENSG00000158161" 0.772684532204983 9861 1
"ENSG00000157911" 0.779266572637518 9945 1
"ENSG00000160072" 0.783732957216737 10002 1
"ENSG00000011021" 0.784516533458705 10012 1
"ENSG00000186056" 0.790785143394452 10092 1
"ENSG00000158006" 0.793135872120357 10122 1
"ENSG00000237436" 0.793292587368751 10124 1
"ENSG00000130762" 0.795094812725278 10147 1
"ENSG00000083444" 0.800188058298072 10212 1
"ENSG00000074964" 0.802538787023977 10242 1
"ENSG00000142675" 0.804027581883717 10261 1
"ENSG00000171680" 0.810374549443661 10342 1
"ENSG00000158286" 0.810531264692054 10344 1
"ENSG00000107404" 0.812411847672779 10368 1
"ENSG00000169504" 0.815232722143865 10404 1
"ENSG00000169598" 0.81758345086977 10434 1
"ENSG00000117308" 0.819777464347281 10462 1
"ENSG00000159423" 0.82103118633443 10478 1
"ENSG00000261326" 0.831766180849397 10615 1
"ENSG00000188157" 0.833254975709136 10634 1
"ENSG00000171621" 0.835840777307632 10667 1
"ENSG00000121753" 0.843363109230528 10763 1
"ENSG00000116151" 0.848221281930732 10825 1
"ENSG00000117242" 0.850023507287259 10848 1
"ENSG00000271746" 0.850650368280834 10856 1
"ENSG00000215790" 0.851747375019589 10870 1
"ENSG00000238142" 0.854411534242282 10904 1
"ENSG00000175707" 0.857310766337565 10941 1
"ENSG00000131697" 0.861698793292587 10997 1
"ENSG00000168528" 0.867497257483153 11071 1
"ENSG00000180758" 0.868515906597712 11084 1
"ENSG00000233478" 0.873687509794703 11150 1
"ENSG00000117115" 0.876430026641592 11185 1
"ENSG00000284602" 0.883325497570913 11273 1
"ENSG00000162591" 0.88787023977433 11331 1
"ENSG00000142627" 0.887948597398527 11331 1
"ENSG00000232912" 0.898135088544115 11462 1
"ENSG00000284657" 0.898213446168312 11462 1
"ENSG00000228172" 0.898291803792509 11462 1
"ENSG00000272512" 0.902601473123335 11519 1
"ENSG00000197245" 0.905265632346027 11553 1
"ENSG00000236266" 0.909261871180066 11604 1
"ENSG00000131910" 0.915060335370631 11678 1
"ENSG00000187583" 0.916784203102962 11700 1
"ENSG00000229162" 0.916862560727159 11700 1
"ENSG00000178821" 0.918508070835292 11722 1
"ENSG00000116771" 0.923993104529071 11792 1
"ENSG00000183615" 0.927597555242125 11838 1
"ENSG00000173369" 0.934884814292431 11931 1
"ENSG00000160051" 0.937705688763517 11967 1
"ENSG00000158008" 0.942015358094342 12022 1
"ENSG00000272432" 0.946246669800971 12076 1
"ENSG00000116353" 0.949772762889829 12121 1
"ENSG00000188257" 0.955492869456198 12194 1
"ENSG00000238164" 0.958470459175678 12232 1
"ENSG00000285646" 0.959489108290236 12245 1
"ENSG00000130772" 0.96434728099044 12307 1
"ENSG00000130940" 0.965757718225983 12325 1
"ENSG00000235169" 0.971477824792352 12398 1
"ENSG00000253368" 0.971556182416549 12398 1
"ENSG00000272482" 0.975865851747375 12454 1
"ENSG00000233975" 0.977981507600689 12481 1
"ENSG00000215915" 0.980097163454004 12508 1
"ENSG00000185519" 0.980175521078201 12508 1
"ENSG00000230679" 0.980959097320169 12519 1
"ENSG00000178828" 0.983153110797681 12547 1
"ENSG00000230368" 0.991850807083529 12658 1
"ENSG00000236528" 0.993574674815859 12680 1


"gene_symbol" "cumFraction" "rank" "indicator"
"ENSG00000142676" 0.00288517022504328 40 2
"ENSG00000142669" 0.00778995960761685 108 2
"ENSG00000116251" 0.00901615695326024 125 2
"ENSG00000169442" 0.0109636468551645 152 2
"ENSG00000020633" 0.028130409694172 390 2
"ENSG00000077549" 0.0296451240623197 411 2
"ENSG00000074800" 0.032530294287363 451 2
"ENSG00000117616" 0.0351269474899019 487 2
"ENSG00000133226" 0.0377957299480669 524 2
"ENSG00000070831" 0.0388055395268321 538 2
"ENSG00000028137" 0.0421956145412579 585 2
"ENSG00000130770" 0.0435660703981535 604 2
"ENSG00000116288" 0.0444316214656665 616 2
"ENSG00000198830" 0.0497691863819965 690 2
"ENSG00000197989" 0.0595066358915176 825 2
"ENSG00000127483" 0.0610213502596653 846 2
"ENSG00000188529" 0.0639786497403347 887 2
"ENSG00000160075" 0.0644835545297173 894 2
"ENSG00000183726" 0.067801500288517 940 2
"ENSG00000116350" 0.0735718407386036 1020 2
"ENSG00000187608" 0.0742931332948644 1030 2
"ENSG00000173436" 0.0752308136180035 1043 2
"ENSG00000189266" 0.0767455279861512 1064 2
"ENSG00000117614" 0.0804241200230814 1115 2
"ENSG00000125944" 0.0811454125793422 1125 2
"ENSG00000117602" 0.0837420657818811 1161 2
"ENSG00000126698" 0.085401038661281 1184 2
"ENSG00000242485" 0.0895124062319677 1241 2
"ENSG00000090273" 0.0919648009232545 1275 2
"ENSG00000157873" 0.0998268897864974 1384 2
"ENSG00000244038" 0.100043277553376 1387 2
"ENSG00000158195" 0.105525100980958 1463 2
"ENSG00000175756" 0.11468551644547 1590 2
"ENSG00000198492" 0.121032890940565 1678 2
"ENSG00000057757" 0.127236006924409 1764 2
"ENSG00000142634" 0.131275245239469 1820 2
"ENSG00000078808" 0.137839007501443 1911 2
"ENSG00000117713" 0.13935372186959 1932 2
"ENSG00000116731" 0.139425851125216 1933 2
"ENSG00000055070" 0.139858626658973 1939 2
"ENSG00000188290" 0.142743796884016 1979 2
"ENSG00000117632" 0.143465089440277 1989 2
"ENSG00000162585" 0.145196191575303 2013 2
"ENSG00000157916" 0.147937103289094 2051 2
"ENSG00000159023" 0.153779572994807 2132 2
"ENSG00000069424" 0.154500865551068 2142 2
"ENSG00000065526" 0.16164166185805 2241 2
"ENSG00000116649" 0.162723600692441 2256 2
"ENSG00000127481" 0.167989036353145 2329 2
"ENSG00000157191" 0.175274091171379 2430 2
"ENSG00000126709" 0.17931332948644 2486 2
"ENSG00000078369" 0.187103289094057 2594 2
"ENSG00000116670" 0.189050778995961 2621 2
"ENSG00000011009" 0.189699942296595 2630 2
"ENSG00000117748" 0.189916330063474 2633 2
"ENSG00000127054" 0.197922677437969 2744 2
"ENSG00000130766" 0.19900461627236 2759 2
"ENSG00000117118" 0.201961915753029 2800 2
"ENSG00000117318" 0.210761684939411 2922 2
"ENSG00000272449" 0.212492787074437 2946 2
"ENSG00000204138" 0.21667628390075 3004 2
"ENSG00000242125" 0.217469705712637 3015 2
"ENSG00000204178" 0.220282746682054 3054 2
"ENSG00000158747" 0.221869590305828 3076 2
"ENSG00000171608" 0.222951529140219 3091 2
"ENSG00000171735" 0.230164454702827 3191 2
"ENSG00000090686" 0.232905366416619 3229 2
"ENSG00000171603" 0.233121754183497 3232 2
"ENSG00000221978" 0.234564339296018 3252 2
"ENSG00000008128" 0.238819965377957 3311 2
"ENSG00000197530" 0.239757645701096 3324 2
"ENSG00000120656" 0.243869013271783 3381 2
"ENSG00000116285" 0.252236006924409 3497 2
"ENSG00000120948" 0.256203115983843 3552 2
"ENSG00000142657" 0.256924408540104 3562 2
"ENSG00000075151" 0.262766878245816 3643 2
"ENSG00000097021" 0.270412579342181 3749 2
"ENSG00000248333" 0.274884593190998 3811 2
"ENSG00000160087" 0.278923831506059 3867 2
"ENSG00000053371" 0.282890940565493 3922 2
"ENSG00000142684" 0.285415464512406 3957 2
"ENSG00000162496" 0.289454702827467 4013 2
"ENSG00000130764" 0.290464512406232 4027 2
"ENSG00000117676" 0.295585689555684 4098 2
"ENSG00000142765" 0.296379111367571 4109 2
"ENSG00000117758" 0.296451240623197 4110 2
"ENSG00000117298" 0.299841315637623 4157 2
"ENSG00000162441" 0.304601846508944 4223 2
"ENSG00000116663" 0.305106751298327 4230 2
"ENSG00000157933" 0.309362377380265 4289 2
"ENSG00000048707" 0.311814772071552 4323 2
"ENSG00000180098" 0.312463935372187 4332 2
"ENSG00000116198" 0.313040969417196 4340 2
"ENSG00000177674" 0.318450663589152 4415 2
"ENSG00000132879" 0.333958453548759 4630 2
"ENSG00000171824" 0.33467974610502 4640 2
"ENSG00000142599" 0.336194460473168 4661 2
"ENSG00000218510" 0.338718984420081 4696 2
"ENSG00000162419" 0.340305828043855 4718 2
"ENSG00000116691" 0.348095787651471 4826 2
"ENSG00000001461" 0.351557991921523 4874 2
"ENSG00000158062" 0.360429890363531 4997 2
"ENSG00000004487" 0.368219849971148 5105 2
"ENSG00000189339" 0.372836122331217 5169 2
"ENSG00000169641" 0.379616272360069 5263 2
"ENSG00000116237" 0.383294864396999 5314 2
"ENSG00000037637" 0.386612810155799 5360 2
"ENSG00000198912" 0.387117714945182 5367 2
"ENSG00000176022" 0.390579919215234 5415 2
"ENSG00000188976" 0.392599538372764 5443 2
"ENSG00000008130" 0.39433064050779 5467 2
"ENSG00000142655" 0.397071552221581 5505 2
"ENSG00000120942" 0.401038661281016 5560 2
"ENSG00000158828" 0.401832083092902 5571 2
"ENSG00000179051" 0.405943450663589 5628 2
"ENSG00000171612" 0.407313906520485 5647 2
"ENSG00000116213" 0.41200230813618 5712 2
"ENSG00000157978" 0.426860934795153 5918 2
"ENSG00000142751" 0.427293710328909 5924 2
"ENSG00000090020" 0.429457587997692 5954 2
"ENSG00000160049" 0.434578765147144 6025 2
"ENSG00000204160" 0.435083669936526 6032 2
"ENSG00000178585" 0.435300057703404 6035 2
"ENSG00000215788" 0.439844200807848 6098 2
"ENSG00000228794" 0.440854010386613 6112 2
"ENSG00000186501" 0.446263704558569 6187 2
"ENSG00000131584" 0.446840738603578 6195 2
"ENSG00000067606" 0.450014425851125 6239 2
"ENSG00000198746" 0.450158684362377 6241 2
"ENSG00000041988" 0.450375072129256 6244 2
"ENSG00000090432" 0.450447201384882 6245 2
"ENSG00000058453" 0.451457010963647 6259 2
"ENSG00000117640" 0.454197922677438 6297 2
"ENSG00000162413" 0.454630698211194 6303 2
"ENSG00000184677" 0.457010963646855 6336 2
"ENSG00000009780" 0.457227351413733 6339 2
"ENSG00000011007" 0.463502596653202 6426 2
"ENSG00000142784" 0.464800923254472 6444 2
"ENSG00000157881" 0.468768032313906 6499 2
"ENSG00000162545" 0.471004039238315 6530 2
"ENSG00000224051" 0.471076168493941 6531 2
"ENSG00000049239" 0.471581073283324 6538 2
"ENSG00000116688" 0.474538372763993 6579 2
"ENSG00000233954" 0.474754760530871 6582 2
"ENSG00000007923" 0.476557991921523 6607 2
"ENSG00000198793" 0.478505481823428 6634 2
"ENSG00000049245" 0.482977495672245 6696 2
"ENSG00000053372" 0.488387189844201 6771 2
"ENSG00000204859" 0.490118291979227 6795 2
"ENSG00000126705" 0.493941142527409 6848 2
"ENSG00000160072" 0.494806693594922 6860 2
"ENSG00000060642" 0.49963935372187 6927 2
"ENSG00000117682" 0.500144258511252 6934 2
"ENSG00000116809" 0.500721292556261 6942 2
"ENSG00000158156" 0.505553952683208 7009 2
"ENSG00000162408" 0.50865551067513 7052 2
"ENSG00000159363" 0.512406231967686 7104 2
"ENSG00000130939" 0.51269474899019 7108 2
"ENSG00000117643" 0.515724177726486 7150 2
"ENSG00000158161" 0.519114252740912 7197 2
"ENSG00000177000" 0.521133871898442 7225 2
"ENSG00000238142" 0.523802654356607 7262 2
"ENSG00000179743" 0.524019042123485 7265 2
"ENSG00000157870" 0.533612233121754 7398 2
"ENSG00000054523" 0.535992498557415 7431 2
"ENSG00000116786" 0.542267743796884 7518 2
"ENSG00000176083" 0.544287362954414 7546 2
"ENSG00000224870" 0.5666474321985 7856 2
"ENSG00000169972" 0.581722446624351 8065 2
"ENSG00000117305" 0.585545297172533 8118 2
"ENSG00000116661" 0.588646855164455 8161 2
"ENSG00000175087" 0.588935372186959 8165 2
"ENSG00000117751" 0.589440276976341 8172 2
"ENSG00000130940" 0.592613964223889 8216 2
"ENSG00000116273" 0.594633583381419 8244 2
"ENSG00000162542" 0.595138488170802 8251 2
"ENSG00000237491" 0.595643392960185 8258 2
"ENSG00000189409" 0.602495672244662 8353 2
"ENSG00000117308" 0.60603000577034 8402 2
"ENSG00000197785" 0.608843046739758 8441 2
"ENSG00000127463" 0.611872475476053 8483 2
"ENSG00000197312" 0.621393537218696 8615 2
"ENSG00000157911" 0.622331217541835 8628 2
"ENSG00000179163" 0.623268897864974 8641 2
"ENSG00000132906" 0.623413156376226 8643 2
"ENSG00000215790" 0.629832660126947 8732 2
"ENSG00000169991" 0.63033756491633 8739 2
"ENSG00000236810" 0.632068667051356 8763 2
"ENSG00000176092" 0.635747259088286 8814 2
"ENSG00000130695" 0.636468551644547 8824 2
"ENSG00000116353" 0.639858626658973 8871 2
"ENSG00000187583" 0.64101269474899 8887 2
"ENSG00000116138" 0.642455279861512 8907 2
"ENSG00000158109" 0.643320830929025 8919 2
"ENSG00000169914" 0.647864974033468 8982 2
"ENSG00000116685" 0.64836987882285 8989 2
"ENSG00000131697" 0.650317368724755 9016 2
"ENSG00000238164" 0.653635314483554 9062 2
"ENSG00000162430" 0.656881130986728 9107 2
"ENSG00000180198" 0.657890940565493 9121 2
"ENSG00000142794" 0.660631852279284 9159 2
"ENSG00000040487" 0.666690709751875 9243 2
"ENSG00000142632" 0.667772648586267 9258 2
"ENSG00000272106" 0.673831506058857 9342 2
"ENSG00000011021" 0.678664166185805 9409 2
"ENSG00000215014" 0.678736295441431 9410 2
"ENSG00000131591" 0.683785343335257 9480 2
"ENSG00000237436" 0.686309867282169 9515 2
"ENSG00000001460" 0.697994806693595 9677 2
"ENSG00000049246" 0.701384881708021 9724 2
"ENSG00000049249" 0.702971725331794 9746 2
"ENSG00000187961" 0.714584535487594 9907 2
"ENSG00000132881" 0.719777841892672 9979 2
"ENSG00000285646" 0.720859780727063 9994 2
"ENSG00000162591" 0.721364685516445 10001 2
"ENSG00000158006" 0.72864974033468 10102 2
"ENSG00000171621" 0.733410271206001 10168 2
"ENSG00000149527" 0.734997114829775 10190 2
"ENSG00000171680" 0.738459319099827 10238 2
"ENSG00000083444" 0.741200230813618 10276 2
"ENSG00000229162" 0.744446047316792 10321 2
"ENSG00000142733" 0.745311598384304 10333 2
"ENSG00000162482" 0.7483410271206 10375 2
"ENSG00000188807" 0.752813040969417 10437 2
"ENSG00000180758" 0.756275245239469 10485 2
"ENSG00000173614" 0.760458742065782 10543 2
"ENSG00000188672" 0.760530871321408 10544 2
"ENSG00000169504" 0.760819388343912 10548 2
"ENSG00000107404" 0.766156953260242 10622 2
"ENSG00000230424" 0.76731102135026 10638 2
"ENSG00000272426" 0.77135025966532 10694 2
"ENSG00000130772" 0.772143681477207 10705 2
"ENSG00000226664" 0.776832083092902 10770 2
"ENSG00000219481" 0.781448355452972 10834 2
"ENSG00000235169" 0.783467974610502 10862 2
"ENSG00000130775" 0.784261396422389 10873 2
"ENSG00000204219" 0.784549913444893 10877 2
"ENSG00000225880" 0.792267743796884 10984 2
"ENSG00000159423" 0.794936526255049 11021 2
"ENSG00000284602" 0.798470859780727 11070 2
"ENSG00000169598" 0.803231390652048 11136 2
"ENSG00000125945" 0.806260819388344 11178 2
"ENSG00000230679" 0.807559145989613 11196 2
"ENSG00000158825" 0.808929601846509 11215 2
"ENSG00000270605" 0.81037218695903 11235 2
"ENSG00000286061" 0.815276976341604 11303 2
"ENSG00000271746" 0.81866705135603 11350 2
"ENSG00000188157" 0.826096364685516 11453 2
"ENSG00000142583" 0.833886324293133 11561 2
"ENSG00000229388" 0.83431909982689 11567 2
"ENSG00000175279" 0.837781304096942 11615 2
"ENSG00000232912" 0.84203693017888 11674 2
"ENSG00000162426" 0.844200807847663 11704 2
"ENSG00000049247" 0.853505481823427 11833 2
"ENSG00000231105" 0.857544720138488 11889 2
"ENSG00000162458" 0.859852856318523 11921 2
"ENSG00000230368" 0.860790536641662 11934 2
"ENSG00000284747" 0.862593768032314 11959 2
"ENSG00000261025" 0.864252740911714 11982 2
"ENSG00000162510" 0.866055972302366 12007 2
"ENSG00000142621" 0.875288517022504 12135 2
"ENSG00000215915" 0.879111367570687 12188 2
"ENSG00000228037" 0.880986728216965 12214 2
"ENSG00000272004" 0.883222735141373 12245 2
"ENSG00000130762" 0.887622619734564 12306 2
"ENSG00000228172" 0.889209463358338 12328 2
"ENSG00000240731" 0.892022504327755 12367 2
"ENSG00000007968" 0.892960184650894 12380 2
"ENSG00000186891" 0.896061742642816 12423 2
"ENSG00000261135" 0.897287939988459 12440 2
"ENSG00000000938" 0.89836987882285 12455 2
"ENSG00000175793" 0.914671090594345 12681 2
"ENSG00000272482" 0.91770051933064 12723 2
"ENSG00000249087" 0.917772648586266 12723 2
"ENSG00000184163" 0.920729948066936 12765 2
"ENSG00000284716" 0.922821696480092 12794 2
"ENSG00000234546" 0.9300346220427 12894 2
"ENSG00000184454" 0.933929601846509 12948 2
"ENSG00000284657" 0.937824581650317 13002 2
"ENSG00000185436" 0.938113098672822 13006 2
"ENSG00000225643" 0.942080207732256 13061 2
"ENSG00000158748" 0.943811309867282 13085 2
"ENSG00000117242" 0.943883439122908 13085 2
"ENSG00000287244" 0.966820542412002 13404 2
"ENSG00000074964" 0.967181188690132 13409 2
"ENSG00000187017" 0.96999422965955 13448 2
"ENSG00000215912" 0.971725331794576 13472 2
"ENSG00000159339" 0.973744950952106 13500 2
"ENSG00000272141" 0.975403923831506 13523 2
"ENSG00000237429" 0.976413733410271 13537 2
"ENSG00000142627" 0.977928447778419 13558 2
"ENSG00000233975" 0.980164454702827 13589 2
"ENSG00000233478" 0.981462781304097 13607 2
"ENSG00000175707" 0.983843046739757 13640 2
"ENSG00000142606" 0.986079053664166 13671 2
"ENSG00000264443" 0.986151182919792 13671 2
"ENSG00000142675" 0.98766589728794 13693 2
"ENSG00000236266" 0.993219849971148 13770 2
"ENSG00000169885" 0.999350836699365 13855 2
"ENSG00000270103" 0.999422965954991 13855 2


"gene_symbol" "cumFraction" "rank" "indicator"
"ENSG00000142676" 0.00419417475728155 54 3
"ENSG00000116251" 0.0100194174757282 129 3
"ENSG00000142669" 0.0100970873786408 130 3
"ENSG00000169442" 0.0107184466019417 138 3
"ENSG00000162511" 0.020504854368932 264 3
"ENSG00000074800" 0.0206601941747573 266 3
"ENSG00000198830" 0.0264854368932039 341 3
"ENSG00000182866" 0.0273398058252427 352 3
"ENSG00000186891" 0.0287378640776699 370 3
"ENSG00000020633" 0.0333980582524272 430 3
"ENSG00000077549" 0.037747572815534 486 3
"ENSG00000117318" 0.0379805825242718 489 3
"ENSG00000116288" 0.0396116504854369 510 3
"ENSG00000117616" 0.0401553398058252 517 3
"ENSG00000070831" 0.0430291262135922 554 3
"ENSG00000188290" 0.0458252427184466 590 3
"ENSG00000130770" 0.0476116504854369 613 3
"ENSG00000184007" 0.0486990291262136 627 3
"ENSG00000121774" 0.0492427184466019 634 3
"ENSG00000133226" 0.0494757281553398 637 3
"ENSG00000197989" 0.0563883495145631 726 3
"ENSG00000187608" 0.0584077669902913 752 3
"ENSG00000125944" 0.0597281553398058 769 3
"ENSG00000127483" 0.0643883495145631 829 3
"ENSG00000188529" 0.0667184466019417 859 3
"ENSG00000116350" 0.0714563106796117 920 3
"ENSG00000173436" 0.0726990291262136 936 3
"ENSG00000183726" 0.0749514563106796 965 3
"ENSG00000028137" 0.0776699029126214 1000 3
"ENSG00000117632" 0.0805436893203883 1037 3
"ENSG00000084623" 0.0821747572815534 1058 3
"ENSG00000116649" 0.0826407766990291 1064 3
"ENSG00000117614" 0.0835728155339806 1076 3
"ENSG00000078808" 0.0848155339805825 1092 3
"ENSG00000189266" 0.0849708737864078 1094 3
"ENSG00000242485" 0.0888543689320388 1144 3
"ENSG00000142634" 0.090873786407767 1170 3
"ENSG00000116670" 0.092504854368932 1191 3
"ENSG00000175756" 0.0933592233009709 1202 3
"ENSG00000126698" 0.0970097087378641 1249 3
"ENSG00000000938" 0.108815533980583 1401 3
"ENSG00000244038" 0.110912621359223 1428 3
"ENSG00000158195" 0.112155339805825 1444 3
"ENSG00000171608" 0.112466019417476 1448 3
"ENSG00000090273" 0.112621359223301 1450 3
"ENSG00000162585" 0.114485436893204 1474 3
"ENSG00000162521" 0.121165048543689 1560 3
"ENSG00000116731" 0.124893203883495 1608 3
"ENSG00000160075" 0.129708737864078 1670 3
"ENSG00000057757" 0.13273786407767 1709 3
"ENSG00000117713" 0.136155339805825 1753 3
"ENSG00000055070" 0.150679611650485 1940 3
"ENSG00000078369" 0.15231067961165 1961 3
"ENSG00000163866" 0.164970873786408 2124 3
"ENSG00000004455" 0.167378640776699 2155 3
"ENSG00000157916" 0.16978640776699 2186 3
"ENSG00000117602" 0.174291262135922 2244 3
"ENSG00000126709" 0.174912621359223 2252 3
"ENSG00000179163" 0.182912621359223 2355 3
"ENSG00000162517" 0.183844660194175 2367 3
"ENSG00000189409" 0.187650485436893 2416 3
"ENSG00000065526" 0.187805825242718 2418 3
"ENSG00000116478" 0.189669902912621 2442 3
"ENSG00000011009" 0.190601941747573 2454 3
"ENSG00000134644" 0.191611650485437 2467 3
"ENSG00000117748" 0.199378640776699 2567 3
"ENSG00000159023" 0.202563106796116 2608 3
"ENSG00000142684" 0.209398058252427 2696 3
"ENSG00000117118" 0.216932038834951 2793 3
"ENSG00000198492" 0.221359223300971 2850 3
"ENSG00000053371" 0.224077669902913 2885 3
"ENSG00000117676" 0.229592233009709 2956 3
"ENSG00000157191" 0.235883495145631 3037 3
"ENSG00000160087" 0.237436893203883 3057 3
"ENSG00000132879" 0.239145631067961 3079 3
"ENSG00000160058" 0.24178640776699 3113 3
"ENSG00000179051" 0.242563106796117 3123 3
"ENSG00000175130" 0.24326213592233 3132 3
"ENSG00000160049" 0.244427184466019 3147 3
"ENSG00000142657" 0.249009708737864 3206 3
"ENSG00000169641" 0.252271844660194 3248 3
"ENSG00000127481" 0.253203883495146 3260 3
"ENSG00000162496" 0.25421359223301 3273 3
"ENSG00000158747" 0.255456310679612 3289 3
"ENSG00000090686" 0.256932038834951 3308 3
"ENSG00000157873" 0.257708737864078 3318 3
"ENSG00000127054" 0.25778640776699 3319 3
"ENSG00000171735" 0.263300970873786 3390 3
"ENSG00000060688" 0.267106796116505 3439 3
"ENSG00000186501" 0.268194174757282 3453 3
"ENSG00000142765" 0.268427184466019 3456 3
"ENSG00000097021" 0.269747572815534 3473 3
"ENSG00000130766" 0.269825242718447 3474 3
"ENSG00000116661" 0.270757281553398 3486 3
"ENSG00000116663" 0.270912621359223 3488 3
"ENSG00000075151" 0.278679611650485 3588 3
"ENSG00000248333" 0.278912621359223 3591 3
"ENSG00000008128" 0.279844660194175 3603 3
"ENSG00000162419" 0.282407766990291 3636 3
"ENSG00000204138" 0.283339805825243 3648 3
"ENSG00000116497" 0.28473786407767 3666 3
"ENSG00000272449" 0.289242718446602 3724 3
"ENSG00000221978" 0.28947572815534 3727 3
"ENSG00000171603" 0.290174757281553 3736 3
"ENSG00000180098" 0.297009708737864 3824 3
"ENSG00000204178" 0.29895145631068 3849 3
"ENSG00000242125" 0.308970873786408 3978 3
"ENSG00000067606" 0.313009708737864 4030 3
"ENSG00000197530" 0.326601941747573 4205 3
"ENSG00000198912" 0.327067961165048 4211 3
"ENSG00000162441" 0.328932038834951 4235 3
"ENSG00000177674" 0.331106796116505 4263 3
"ENSG00000120656" 0.334679611650485 4309 3
"ENSG00000121766" 0.336466019417476 4332 3
"ENSG00000120948" 0.345242718446602 4445 3
"ENSG00000176261" 0.351922330097087 4531 3
"ENSG00000116691" 0.357980582524272 4609 3
"ENSG00000188976" 0.359611650485437 4630 3
"ENSG00000198793" 0.366990291262136 4725 3
"ENSG00000157933" 0.370330097087379 4768 3
"ENSG00000049239" 0.371184466019417 4779 3
"ENSG00000130764" 0.373980582524272 4815 3
"ENSG00000160055" 0.374601941747573 4823 3
"ENSG00000171824" 0.375223300970874 4831 3
"ENSG00000025800" 0.381592233009709 4913 3
"ENSG00000001461" 0.382679611650485 4927 3
"ENSG00000037637" 0.387650485436893 4991 3
"ENSG00000134684" 0.388038834951456 4996 3
"ENSG00000004487" 0.390291262135922 5025 3
"ENSG00000048707" 0.390368932038835 5026 3
"ENSG00000171612" 0.391611650485437 5042 3
"ENSG00000169972" 0.392233009708738 5050 3
"ENSG00000117308" 0.397669902912621 5120 3
"ENSG00000084652" 0.41095145631068 5291 3
"ENSG00000116285" 0.421281553398058 5424 3
"ENSG00000008130" 0.423611650485437 5454 3
"ENSG00000117758" 0.428660194174757 5519 3
"ENSG00000116198" 0.428815533980582 5521 3
"ENSG00000121775" 0.432854368932039 5573 3
"ENSG00000162490" 0.436893203883495 5625 3
"ENSG00000198746" 0.447145631067961 5757 3
"ENSG00000116688" 0.448155339805825 5770 3
"ENSG00000177000" 0.457631067961165 5892 3
"ENSG00000127463" 0.459805825242718 5920 3
"ENSG00000049249" 0.461203883495146 5938 3
"ENSG00000130939" 0.462912621359223 5960 3
"ENSG00000197312" 0.463378640776699 5966 3
"ENSG00000041988" 0.463533980582524 5968 3
"ENSG00000117640" 0.46873786407767 6035 3
"ENSG00000184677" 0.471922330097087 6076 3
"ENSG00000090020" 0.472466019417476 6083 3
"ENSG00000069424" 0.472854368932039 6088 3
"ENSG00000007923" 0.473165048543689 6092 3
"ENSG00000158828" 0.474174757281553 6105 3
"ENSG00000218510" 0.475495145631068 6122 3
"ENSG00000120942" 0.482097087378641 6207 3
"ENSG00000159363" 0.48295145631068 6218 3
"ENSG00000189339" 0.483417475728155 6224 3
"ENSG00000053372" 0.496233009708738 6389 3
"ENSG00000117298" 0.499106796116505 6426 3
"ENSG00000090432" 0.501359223300971 6455 3
"ENSG00000176022" 0.509980582524272 6566 3
"ENSG00000179743" 0.511067961165048 6580 3
"ENSG00000117305" 0.511689320388349 6588 3
"ENSG00000117751" 0.512388349514563 6597 3
"ENSG00000060642" 0.516038834951456 6644 3
"ENSG00000229162" 0.520233009708738 6698 3
"ENSG00000142751" 0.521242718446602 6711 3
"ENSG00000142784" 0.522097087378641 6722 3
"ENSG00000142599" 0.523339805825243 6738 3
"ENSG00000049245" 0.523883495145631 6745 3
"ENSG00000116237" 0.524893203883495 6758 3
"ENSG00000160094" 0.524970873786408 6759 3
"ENSG00000160072" 0.525902912621359 6771 3
"ENSG00000126705" 0.527223300970874 6788 3
"ENSG00000116809" 0.533747572815534 6872 3
"ENSG00000040487" 0.53421359223301 6878 3
"ENSG00000116514" 0.535611650485437 6896 3
"ENSG00000116138" 0.536233009708738 6904 3
"ENSG00000162542" 0.536388349514563 6906 3
"ENSG00000224870" 0.539029126213592 6940 3
"ENSG00000157881" 0.53926213592233 6943 3
"ENSG00000178585" 0.548893203883495 7067 3
"ENSG00000157978" 0.551067961165049 7095 3
"ENSG00000058453" 0.551223300970874 7097 3
"ENSG00000142733" 0.553398058252427 7125 3
"ENSG00000237491" 0.554873786407767 7144 3
"ENSG00000142632" 0.555883495145631 7157 3
"ENSG00000149527" 0.557592233009709 7179 3
"ENSG00000116213" 0.557825242718447 7182 3
"ENSG00000117643" 0.560155339805825 7212 3
"ENSG00000083444" 0.560699029126213 7219 3
"ENSG00000011007" 0.563650485436893 7257 3
"ENSG00000117682" 0.572815533980582 7375 3
"ENSG00000162520" 0.576077669902913 7417 3
"ENSG00000180198" 0.578796116504854 7452 3
"ENSG00000186056" 0.580504854368932 7474 3
"ENSG00000204160" 0.581436893203883 7486 3
"ENSG00000132906" 0.582291262135922 7497 3
"ENSG00000204859" 0.582757281553398 7503 3
"ENSG00000224051" 0.592854368932039 7633 3
"ENSG00000236810" 0.594097087378641 7649 3
"ENSG00000235169" 0.601320388349515 7742 3
"ENSG00000233954" 0.602796116504854 7761 3
"ENSG00000009780" 0.609009708737864 7841 3
"ENSG00000142920" 0.609320388349515 7845 3
"ENSG00000142655" 0.611650485436893 7875 3
"ENSG00000238164" 0.616543689320388 7938 3
"ENSG00000187961" 0.620116504854369 7984 3
"ENSG00000157911" 0.621825242718447 8006 3
"ENSG00000116685" 0.623223300970874 8024 3
"ENSG00000131584" 0.628116504854369 8087 3
"ENSG00000116786" 0.631766990291262 8134 3
"ENSG00000188157" 0.634485436893204 8169 3
"ENSG00000054523" 0.63526213592233 8179 3
"ENSG00000160050" 0.635417475728155 8181 3
"ENSG00000158161" 0.640077669902912 8241 3
"ENSG00000134686" 0.642174757281553 8268 3
"ENSG00000197785" 0.64357281553398 8286 3
"ENSG00000238142" 0.651805825242718 8392 3
"ENSG00000169991" 0.659184466019417 8487 3
"ENSG00000116353" 0.660427184466019 8503 3
"ENSG00000162408" 0.667495145631068 8594 3
"ENSG00000187583" 0.672543689320388 8659 3
"ENSG00000158006" 0.673165048543689 8667 3
"ENSG00000131591" 0.674407766990291 8683 3
"ENSG00000228794" 0.679689320388349 8751 3
"ENSG00000175279" 0.681165048543689 8770 3
"ENSG00000215788" 0.682019417475728 8781 3
"ENSG00000116525" 0.690640776699029 8892 3
"ENSG00000272106" 0.694679611650485 8944 3
"ENSG00000158109" 0.696543689320388 8968 3
"ENSG00000188807" 0.708194174757281 9118 3
"ENSG00000215790" 0.712699029126214 9176 3
"ENSG00000158062" 0.715805825242718 9216 3
"ENSG00000186827" 0.719378640776699 9262 3
"ENSG00000130695" 0.719766990291262 9267 3
"ENSG00000049246" 0.721553398058252 9290 3
"ENSG00000272426" 0.726834951456311 9358 3
"ENSG00000130772" 0.727300970873786 9364 3
"ENSG00000168528" 0.734058252427184 9451 3
"ENSG00000204219" 0.737941747572815 9501 3
"ENSG00000253368" 0.752 9682 3
"ENSG00000162571" 0.756582524271845 9741 3
"ENSG00000284602" 0.757902912621359 9758 3
"ENSG00000162413" 0.765126213592233 9851 3
"ENSG00000157870" 0.773669902912621 9961 3
"ENSG00000225880" 0.77421359223301 9968 3
"ENSG00000272512" 0.77778640776699 10014 3
"ENSG00000175087" 0.785631067961165 10115 3
"ENSG00000116771" 0.78726213592233 10136 3
"ENSG00000125945" 0.790135922330097 10173 3
"ENSG00000142794" 0.791844660194175 10195 3
"ENSG00000287356" 0.792621359223301 10205 3
"ENSG00000169914" 0.794873786407767 10234 3
"ENSG00000130940" 0.796427184466019 10254 3
"ENSG00000121900" 0.797669902912621 10270 3
"ENSG00000162430" 0.799533980582524 10294 3
"ENSG00000219481" 0.80031067961165 10304 3
"ENSG00000158156" 0.806446601941747 10383 3
"ENSG00000230424" 0.817165048543689 10521 3
"ENSG00000107404" 0.817398058252427 10524 3
"ENSG00000162572" 0.819728155339806 10554 3
"ENSG00000176092" 0.825242718446602 10625 3
"ENSG00000116273" 0.833165048543689 10727 3
"ENSG00000231789" 0.834640776699029 10746 3
"ENSG00000162482" 0.837126213592233 10778 3
"ENSG00000159189" 0.839844660194175 10813 3
"ENSG00000169598" 0.844893203883495 10878 3
"ENSG00000160051" 0.851417475728155 10962 3
"ENSG00000215014" 0.85157281553398 10964 3
"ENSG00000173614" 0.853980582524272 10995 3
"ENSG00000228594" 0.858640776699029 11055 3
"ENSG00000162545" 0.860815533980582 11083 3
"ENSG00000162510" 0.870834951456311 11212 3
"ENSG00000116151" 0.876116504854369 11280 3
"ENSG00000001460" 0.876194174757281 11280 3
"ENSG00000184163" 0.876660194174757 11287 3
"ENSG00000215915" 0.877126213592233 11293 3
"ENSG00000116544" 0.878990291262136 11317 3
"ENSG00000011021" 0.879922330097087 11329 3
"ENSG00000162591" 0.903378640776699 11631 3
"ENSG00000159423" 0.905941747572815 11664 3
"ENSG00000188822" 0.909203883495145 11706 3
"ENSG00000131697" 0.910601941747573 11724 3
"ENSG00000285646" 0.913553398058252 11762 3
"ENSG00000288398" 0.913631067961165 11762 3
"ENSG00000233478" 0.913708737864077 11762 3
"ENSG00000162461" 0.916504854368932 11800 3
"ENSG00000175793" 0.918368932038835 11824 3
"ENSG00000234546" 0.931339805825243 11991 3
"ENSG00000271806" 0.93747572815534 12070 3
"ENSG00000264443" 0.938951456310679 12089 3
"ENSG00000142606" 0.945708737864077 12176 3
"ENSG00000249087" 0.94578640776699 12176 3
"ENSG00000231050" 0.958135922330097 12336 3
"ENSG00000130768" 0.962718446601942 12395 3
"ENSG00000228397" 0.969864077669903 12487 3
"ENSG00000287510" 0.98221359223301 12646 3
"ENSG00000158286" 0.993165048543689 12787 3


"gene_symbol" "cumFraction" "rank" "indicator"
"ENSG00000142676" 0.00832899531494014 80 4
"ENSG00000117616" 0.0133263925039042 128 4
"ENSG00000127603" 0.0230088495575221 221 4
"ENSG00000142669" 0.0261322228006247 251 4
"ENSG00000116560" 0.02852680895367 274 4
"ENSG00000020633" 0.031441957313899 302 4
"ENSG00000116251" 0.0317542946382093 305 4
"ENSG00000169442" 0.0349817803227486 336 4
"ENSG00000188529" 0.043206663196252 415 4
"ENSG00000162511" 0.0466423737636648 448 4
"ENSG00000065978" 0.048620510150963 467 4
"ENSG00000028137" 0.0512233211868818 492 4
"ENSG00000133226" 0.0541384695471109 520 4
"ENSG00000197989" 0.0565330557001562 543 4
"ENSG00000084070" 0.0596564289432587 573 4
"ENSG00000116731" 0.062051015096304 596 4
"ENSG00000127483" 0.0627798021863613 603 4
"ENSG00000121774" 0.0726704841228527 698 4
"ENSG00000116350" 0.0747527329515877 718 4
"ENSG00000077549" 0.0762103071317022 732 4
"ENSG00000117000" 0.0769390942217595 739 4
"ENSG00000127481" 0.0774596564289433 744 4
"ENSG00000171608" 0.0780843310775638 750 4
"ENSG00000182866" 0.0815200416449766 783 4
"ENSG00000188290" 0.0853722019781364 820 4
"ENSG00000159023" 0.0864133263925039 830 4
"ENSG00000065526" 0.0903695991671005 868 4
"ENSG00000131236" 0.0937011972930765 900 4
"ENSG00000130770" 0.105465903175429 1013 4
"ENSG00000117602" 0.116918271733472 1123 4
"ENSG00000174574" 0.122540343571057 1177 4
"ENSG00000142765" 0.12597605413847 1210 4
"ENSG00000189266" 0.127121290994274 1221 4
"ENSG00000157873" 0.133992712129099 1287 4
"ENSG00000187608" 0.141488807912546 1359 4
"ENSG00000117758" 0.153878188443519 1478 4
"ENSG00000074800" 0.156376887038001 1502 4
"ENSG00000189339" 0.160541384695471 1542 4
"ENSG00000070831" 0.160645497136908 1543 4
"ENSG00000171603" 0.164705882352941 1582 4
"ENSG00000142687" 0.165538781884435 1590 4
"ENSG00000158195" 0.166684018740239 1601 4
"ENSG00000117614" 0.168141592920354 1615 4
"ENSG00000069424" 0.169703279541905 1630 4
"ENSG00000048707" 0.175221238938053 1683 4
"ENSG00000116288" 0.180739198334201 1736 4
"ENSG00000175130" 0.181363872982821 1742 4
"ENSG00000184007" 0.184591358667361 1773 4
"ENSG00000054118" 0.186985944820406 1796 4
"ENSG00000198830" 0.190317542946382 1828 4
"ENSG00000163875" 0.191046330036439 1835 4
"ENSG00000060688" 0.203643935450286 1956 4
"ENSG00000126070" 0.205101509630401 1970 4
"ENSG00000090273" 0.208537220197814 2003 4
"ENSG00000117713" 0.208849557522124 2006 4
"ENSG00000116198" 0.218219677251432 2096 4
"ENSG00000134697" 0.226236335242061 2173 4
"ENSG00000157933" 0.230296720458095 2212 4
"ENSG00000008128" 0.232170744403956 2230 4
"ENSG00000157916" 0.235606454971369 2263 4
"ENSG00000134644" 0.235918792295679 2266 4
"ENSG00000162419" 0.238521603331598 2291 4
"ENSG00000171960" 0.247475273295159 2377 4
"ENSG00000055070" 0.249557522123894 2397 4
"ENSG00000237491" 0.251015096304008 2411 4
"ENSG00000126705" 0.253722019781364 2437 4
"ENSG00000160058" 0.254971369078605 2449 4
"ENSG00000158747" 0.257157730348777 2470 4
"ENSG00000162521" 0.259656428943259 2494 4
"ENSG00000204859" 0.264445601249349 2540 4
"ENSG00000066136" 0.268193649141072 2576 4
"ENSG00000010803" 0.271004685059865 2603 4
"ENSG00000001461" 0.276314419573139 2654 4
"ENSG00000221978" 0.283081728266528 2719 4
"ENSG00000120948" 0.283810515356585 2726 4
"ENSG00000171612" 0.285684539302447 2744 4
"ENSG00000160087" 0.287038001041124 2757 4
"ENSG00000198912" 0.291306611140031 2798 4
"ENSG00000078369" 0.291618948464341 2801 4
"ENSG00000242485" 0.291723060905778 2802 4
"ENSG00000215788" 0.292035398230089 2805 4
"ENSG00000090686" 0.296408120770432 2847 4
"ENSG00000078808" 0.300468505986465 2886 4
"ENSG00000173436" 0.301717855283706 2898 4
"ENSG00000175756" 0.304737116085372 2927 4
"ENSG00000160075" 0.30609057782405 2940 4
"ENSG00000117751" 0.308276939094222 2961 4
"ENSG00000117394" 0.308589276418532 2964 4
"ENSG00000142634" 0.312857886517439 3005 4
"ENSG00000157191" 0.31410723581468 3017 4
"ENSG00000158161" 0.315460697553358 3030 4
"ENSG00000075151" 0.325247267048412 3124 4
"ENSG00000197273" 0.328891202498699 3159 4
"ENSG00000163874" 0.331389901093181 3183 4
"ENSG00000244038" 0.332326913066111 3192 4
"ENSG00000116478" 0.332431025507548 3193 4
"ENSG00000117318" 0.333368037480479 3202 4
"ENSG00000163877" 0.341801145236856 3283 4
"ENSG00000169641" 0.343675169182717 3301 4
"ENSG00000157978" 0.344924518479958 3313 4
"ENSG00000116353" 0.348360229047371 3346 4
"ENSG00000158828" 0.35096304008329 3371 4
"ENSG00000183431" 0.35450286309214 3405 4
"ENSG00000142751" 0.354711087975013 3407 4
"ENSG00000054523" 0.355648099947944 3416 4
"ENSG00000186501" 0.358875585632483 3447 4
"ENSG00000204084" 0.359396147839667 3452 4
"ENSG00000116497" 0.369078604893285 3545 4
"ENSG00000184677" 0.369911504424779 3553 4
"ENSG00000179051" 0.371056741280583 3564 4
"ENSG00000183726" 0.371889640812077 3572 4
"ENSG00000004455" 0.376054138469547 3612 4
"ENSG00000058453" 0.376366475793857 3615 4
"ENSG00000125944" 0.376678813118168 3618 4
"ENSG00000117385" 0.38365434669443 3685 4
"ENSG00000126698" 0.386569495054659 3713 4
"ENSG00000142655" 0.388235294117647 3729 4
"ENSG00000160072" 0.39198334200937 3765 4
"ENSG00000007923" 0.397917751171265 3822 4
"ENSG00000116898" 0.398125976054138 3824 4
"ENSG00000092853" 0.399167100468506 3834 4
"ENSG00000090621" 0.403956272774597 3880 4
"ENSG00000177000" 0.404789172306091 3888 4
"ENSG00000084073" 0.406975533576262 3909 4
"ENSG00000142657" 0.40770432066632 3916 4
"ENSG00000116285" 0.408433107756377 3923 4
"ENSG00000242125" 0.41249349297241 3962 4
"ENSG00000177868" 0.413222280062467 3969 4
"ENSG00000090020" 0.414055179593961 3977 4
"ENSG00000179743" 0.417595002602811 4011 4
"ENSG00000162585" 0.417699115044248 4012 4
"ENSG00000097021" 0.418427902134305 4019 4
"ENSG00000117298" 0.42404997397189 4073 4
"ENSG00000130939" 0.425403435710567 4086 4
"ENSG00000198793" 0.431025507548152 4140 4
"ENSG00000120942" 0.431233732431025 4142 4
"ENSG00000204160" 0.44070796460177 4233 4
"ENSG00000053371" 0.441228526808954 4238 4
"ENSG00000180098" 0.444976574700677 4274 4
"ENSG00000092847" 0.447891723060906 4302 4
"ENSG00000043514" 0.448932847475273 4312 4
"ENSG00000197982" 0.451639770952629 4338 4
"ENSG00000204178" 0.452264445601249 4344 4
"ENSG00000057757" 0.454450806871421 4365 4
"ENSG00000146463" 0.462675689744925 4444 4
"ENSG00000127054" 0.46507027589797 4467 4
"ENSG00000117118" 0.469130661114003 4506 4
"ENSG00000130940" 0.470171785528371 4516 4
"ENSG00000025800" 0.489224362311296 4699 4
"ENSG00000197785" 0.500260281103592 4805 4
"ENSG00000084623" 0.500364393545029 4806 4
"ENSG00000163866" 0.504320666319625 4844 4
"ENSG00000162441" 0.509318063508589 4892 4
"ENSG00000198746" 0.512649661634565 4924 4
"ENSG00000164008" 0.513066111400312 4928 4
"ENSG00000049245" 0.51795939614784 4975 4
"ENSG00000162408" 0.520770432066632 5002 4
"ENSG00000169991" 0.521395106715252 5008 4
"ENSG00000162522" 0.522644456012493 5020 4
"ENSG00000162430" 0.523789692868298 5031 4
"ENSG00000132906" 0.528058302967205 5072 4
"ENSG00000142599" 0.536595523165018 5154 4
"ENSG00000084072" 0.536699635606455 5154 4
"ENSG00000126067" 0.539718896408121 5184 4
"ENSG00000127125" 0.539823008849557 5185 4
"ENSG00000198492" 0.544612181155648 5231 4
"ENSG00000171735" 0.555023425299323 5331 4
"ENSG00000142784" 0.574388339406559 5517 4
"ENSG00000130764" 0.577719937532535 5549 4
"ENSG00000130695" 0.57980218636127 5569 4
"ENSG00000159363" 0.580426861009891 5575 4
"ENSG00000134684" 0.58427902134305 5612 4
"ENSG00000116871" 0.588755856324831 5655 4
"ENSG00000121766" 0.589172306090578 5659 4
"ENSG00000149527" 0.596668401874024 5731 4
"ENSG00000197530" 0.600937011972931 5772 4
"ENSG00000117640" 0.601874023945862 5781 4
"ENSG00000171824" 0.605830296720458 5819 4
"ENSG00000187961" 0.60832899531494 5843 4
"ENSG00000117682" 0.619469026548673 5950 4
"ENSG00000116213" 0.62019781363873 5957 4
"ENSG00000117748" 0.622696512233212 5981 4
"ENSG00000243749" 0.624258198854763 5996 4
"ENSG00000285646" 0.63237896928683 6074 4
"ENSG00000158062" 0.636022904737116 6109 4
"ENSG00000008130" 0.63716814159292 6120 4
"ENSG00000219481" 0.637480478917231 6123 4
"ENSG00000162496" 0.638105153565851 6129 4
"ENSG00000117395" 0.638729828214472 6135 4
"ENSG00000218510" 0.640499739718896 6152 4
"ENSG00000158825" 0.643102550754815 6177 4
"ENSG00000180758" 0.647475273295159 6219 4
"ENSG00000162520" 0.647995835502343 6224 4
"ENSG00000196449" 0.650494534096825 6248 4
"ENSG00000168653" 0.652160333159813 6264 4
"ENSG00000176092" 0.652785007808433 6270 4
"ENSG00000054116" 0.65351379489849 6277 4
"ENSG00000198815" 0.656220718375846 6303 4
"ENSG00000044012" 0.658094742321707 6321 4
"ENSG00000196182" 0.666736074960958 6404 4
"ENSG00000116649" 0.667256637168142 6409 4
"ENSG00000188976" 0.668193649141072 6418 4
"ENSG00000238142" 0.668297761582509 6418 4
"ENSG00000117305" 0.668401874023946 6418 4
"ENSG00000287244" 0.668505986465383 6418 4
"ENSG00000142686" 0.668610098906819 6418 4
"ENSG00000272145" 0.668714211348256 6418 4
"ENSG00000134686" 0.678292555960437 6515 4
"ENSG00000186056" 0.687246225923998 6601 4
"ENSG00000177674" 0.693492972410203 6661 4
"ENSG00000179163" 0.696199895887559 6687 4
"ENSG00000142920" 0.707027589796981 6791 4
"ENSG00000116809" 0.710463300364394 6824 4
"ENSG00000060642" 0.71056741280583 6824 4
"ENSG00000238260" 0.717230609057782 6889 4
"ENSG00000116138" 0.72212389380531 6936 4
"ENSG00000157870" 0.72306090577824 6945 4
"ENSG00000160055" 0.723165018219677 6945 4
"ENSG00000116670" 0.730036439354503 7012 4
"ENSG00000163867" 0.734513274336283 7055 4
"ENSG00000011007" 0.748568453930245 7190 4
"ENSG00000116863" 0.757626236335242 7277 4
"ENSG00000131584" 0.758042686100989 7281 4
"ENSG00000272449" 0.758355023425299 7284 4
"ENSG00000162542" 0.758771473191046 7288 4
"ENSG00000204624" 0.760333159812598 7303 4
"ENSG00000117632" 0.760437272254034 7303 4
"ENSG00000164002" 0.764497657470068 7343 4
"ENSG00000160049" 0.767516918271733 7372 4
"ENSG00000132879" 0.768870380010411 7385 4
"ENSG00000083444" 0.768974492451848 7385 4
"ENSG00000197056" 0.769078604893285 7385 4
"ENSG00000142794" 0.7756376887038 7450 4
"ENSG00000067606" 0.783237896928683 7523 4
"ENSG00000117010" 0.785007808433108 7540 4
"ENSG00000049246" 0.791254554919313 7600 4
"ENSG00000011009" 0.79135866736075 7600 4
"ENSG00000126709" 0.800937011972931 7693 4
"ENSG00000214114" 0.802186361270172 7705 4
"ENSG00000179862" 0.802290473711609 7706 4
"ENSG00000284602" 0.802394586153045 7707 4
"ENSG00000116273" 0.803019260801666 7713 4
"ENSG00000116514" 0.803123373243103 7713 4
"ENSG00000116663" 0.808953669963561 7770 4
"ENSG00000127463" 0.809057782404997 7770 4
"ENSG00000120656" 0.809161894846434 7770 4
"ENSG00000236810" 0.819989588755856 7876 4
"ENSG00000176261" 0.820093701197293 7876 4
"ENSG00000225880" 0.827173347214992 7945 4
"ENSG00000261326" 0.833107756376887 8002 4
"ENSG00000171793" 0.833211868818324 8002 4
"ENSG00000187017" 0.837272254034357 8042 4
"ENSG00000121775" 0.837376366475794 8042 4
"ENSG00000158286" 0.842373763664758 8091 4
"ENSG00000162413" 0.842477876106195 8091 4
"ENSG00000224066" 0.842581988547631 8091 4
"ENSG00000037637" 0.849973971889641 8164 4
"ENSG00000186827" 0.850390421655388 8168 4
"ENSG00000176022" 0.852264445601249 8186 4
"ENSG00000248333" 0.856949505465903 8231 4
"ENSG00000116954" 0.857470067673087 8236 4
"ENSG00000162517" 0.858302967204581 8244 4
"ENSG00000084652" 0.858927641853201 8250 4
"ENSG00000117676" 0.863925039042166 8298 4
"ENSG00000116786" 0.870588235294118 8362 4
"ENSG00000127124" 0.870692347735554 8362 4
"ENSG00000131591" 0.882248828735034 8474 4
"ENSG00000142632" 0.882352941176471 8474 4
"ENSG00000158156" 0.882457053617907 8474 4
"ENSG00000186891" 0.887870900572618 8528 4
"ENSG00000189409" 0.887975013014055 8528 4
"ENSG00000049239" 0.888079125455492 8528 4
"ENSG00000162490" 0.888183237896929 8528 4
"ENSG00000000938" 0.888287350338365 8528 4
"ENSG00000284744" 0.896095783446122 8607 4
"ENSG00000235790" 0.896199895887559 8607 4
"ENSG00000233954" 0.904424778761062 8687 4
"ENSG00000011021" 0.912961998958876 8769 4
"ENSG00000130768" 0.913066111400312 8769 4
"ENSG00000225828" 0.913170223841749 8769 4
"ENSG00000049089" 0.913274336283186 8769 4
"ENSG00000049249" 0.934200937011973 8973 4
"ENSG00000181817" 0.935346173867777 8984 4
"ENSG00000117643" 0.936699635606455 8997 4
"ENSG00000180198" 0.936803748047892 8997 4
"ENSG00000187801" 0.936907860489329 8997 4
"ENSG00000117016" 0.937011972930765 8997 4
"ENSG00000162545" 0.94232170744404 9051 4
"ENSG00000130775" 0.944612181155648 9073 4
"ENSG00000130766" 0.944716293597085 9073 4
"ENSG00000215915" 0.953045288912025 9154 4
"ENSG00000169972" 0.959500260281104 9216 4
"ENSG00000188157" 0.970327954190526 9320 4
"ENSG00000224051" 0.970432066631962 9320 4
"ENSG00000157881" 0.970536179073399 9320 4
"ENSG00000188807" 0.970640291514836 9320 4
"ENSG00000004487" 0.970744403956273 9320 4
"ENSG00000168528" 0.97084851639771 9320 4
"ENSG00000187815" 0.970952628839146 9320 4
"ENSG00000183386" 0.986673607496096 9477 4


"gene_symbol" "cumFraction" "rank" "indicator"
"ENSG00000142676" 0.00205690778196778 24 4
"ENSG00000116251" 0.00814192663695578 95 4
"ENSG00000169442" 0.0115701062735687 135 4
"ENSG00000162511" 0.0132841960918752 155 4
"ENSG00000142669" 0.0196263284196092 229 4
"ENSG00000116560" 0.0282824820020569 330 4
"ENSG00000117616" 0.0331676379842304 387 4
"ENSG00000133226" 0.0347960233116215 406 4
"ENSG00000198830" 0.0406239286938636 474 4
"ENSG00000184007" 0.0434521768940693 507 4
"ENSG00000077549" 0.0441378128213918 515 4
"ENSG00000130770" 0.0452519712032911 528 4
"ENSG00000070831" 0.046023311621529 537 4
"ENSG00000121774" 0.0462804250942749 540 4
"ENSG00000189266" 0.0485944463489887 567 4
"ENSG00000074800" 0.0503085361672952 587 4
"ENSG00000116731" 0.0527082619129242 615 4
"ENSG00000158195" 0.0541652382584847 632 4
"ENSG00000125944" 0.055279396640384 645 4
"ENSG00000160075" 0.0590503942406582 689 4
"ENSG00000175130" 0.0617929379499486 721 4
"ENSG00000188529" 0.0677065478231059 790 4
"ENSG00000127483" 0.0684778882413438 799 4
"ENSG00000159023" 0.0699348645869044 816 4
"ENSG00000084623" 0.0710490229688036 829 4
"ENSG00000116288" 0.0731059307507713 853 4
"ENSG00000197989" 0.0800479945149126 934 4
"ENSG00000187608" 0.0816763798423037 953 4
"ENSG00000117318" 0.0818477888241344 955 4
"ENSG00000162585" 0.0873328762427151 1019 4
"ENSG00000173436" 0.0884470346246143 1032 4
"ENSG00000117614" 0.0893040795337676 1042 4
"ENSG00000242485" 0.0905896468974974 1057 4
"ENSG00000057757" 0.102588275625643 1197 4
"ENSG00000117713" 0.10593075077134 1236 4
"ENSG00000126698" 0.112015769626328 1307 4
"ENSG00000116350" 0.112187178608159 1309 4
"ENSG00000117632" 0.114929722317449 1341 4
"ENSG00000020633" 0.125985601645526 1470 4
"ENSG00000090686" 0.129156667809393 1507 4
"ENSG00000065526" 0.134298937264313 1567 4
"ENSG00000134644" 0.136441549537196 1592 4
"ENSG00000090273" 0.137727116900926 1607 4
"ENSG00000160087" 0.138669866300994 1618 4
"ENSG00000116478" 0.140383956119301 1638 4
"ENSG00000157873" 0.148183064792595 1729 4
"ENSG00000004455" 0.149468632156325 1744 4
"ENSG00000175756" 0.158039081247857 1844 4
"ENSG00000198492" 0.162067192320878 1891 4
"ENSG00000162521" 0.162238601302708 1893 4
"ENSG00000117118" 0.167723688721289 1957 4
"ENSG00000120948" 0.169437778539595 1977 4
"ENSG00000127481" 0.172523140212547 2013 4
"ENSG00000117748" 0.17466575248543 2038 4
"ENSG00000248333" 0.17980802194035 2098 4
"ENSG00000171735" 0.181350702776826 2116 4
"ENSG00000157916" 0.187778539595475 2191 4
"ENSG00000142657" 0.189064106959205 2206 4
"ENSG00000142599" 0.192920809050394 2251 4
"ENSG00000126067" 0.193520740486802 2258 4
"ENSG00000183726" 0.194720603359616 2272 4
"ENSG00000008130" 0.203462461432979 2374 4
"ENSG00000142634" 0.208519026396983 2433 4
"ENSG00000171612" 0.209804593760713 2448 4
"ENSG00000160058" 0.214346931779225 2501 4
"ENSG00000142765" 0.218032224888584 2544 4
"ENSG00000078369" 0.223688721288996 2610 4
"ENSG00000060688" 0.227116900925609 2650 4
"ENSG00000244038" 0.235858758998972 2752 4
"ENSG00000130775" 0.24340075419952 2840 4
"ENSG00000028137" 0.247171751799794 2884 4
"ENSG00000146463" 0.247343160781625 2886 4
"ENSG00000238142" 0.249057250599931 2906 4
"ENSG00000272449" 0.250685635927323 2925 4
"ENSG00000130764" 0.255742200891327 2984 4
"ENSG00000242125" 0.260284538909839 3037 4
"ENSG00000171608" 0.262084333219061 3058 4
"ENSG00000055070" 0.267826534110387 3125 4
"ENSG00000117602" 0.268255056564964 3130 4
"ENSG00000182866" 0.269626328419609 3146 4
"ENSG00000078808" 0.269969146383271 3150 4
"ENSG00000160049" 0.272283167637984 3177 4
"ENSG00000116649" 0.278453890983888 3249 4
"ENSG00000011009" 0.30150839904011 3518 4
"ENSG00000243749" 0.30279396640384 3533 4
"ENSG00000116691" 0.303393897840247 3540 4
"ENSG00000126709" 0.303822420294823 3545 4
"ENSG00000008128" 0.304936578676723 3558 4
"ENSG00000117676" 0.311621528968118 3636 4
"ENSG00000171824" 0.314021254713747 3664 4
"ENSG00000157191" 0.318049365786767 3711 4
"ENSG00000157933" 0.318649297223175 3718 4
"ENSG00000037637" 0.324220089132671 3783 4
"ENSG00000162542" 0.330305107987659 3854 4
"ENSG00000221978" 0.335533081933493 3915 4
"ENSG00000075151" 0.335618786424409 3916 4
"ENSG00000004487" 0.338275625642784 3947 4
"ENSG00000127054" 0.341618100788481 3986 4
"ENSG00000142684" 0.343417895097703 4007 4
"ENSG00000162517" 0.343503599588618 4008 4
"ENSG00000142784" 0.349931436407268 4083 4
"ENSG00000126070" 0.355673637298594 4150 4
"ENSG00000117758" 0.35575934178951 4151 4
"ENSG00000158156" 0.361930065135413 4223 4
"ENSG00000204859" 0.36252999657182 4230 4
"ENSG00000163866" 0.363472745971889 4241 4
"ENSG00000218510" 0.367329448063079 4286 4
"ENSG00000116663" 0.371014741172437 4329 4
"ENSG00000011007" 0.372043195063421 4341 4
"ENSG00000204138" 0.376671237572849 4395 4
"ENSG00000116809" 0.377785395954748 4408 4
"ENSG00000116198" 0.381299280082276 4449 4
"ENSG00000176261" 0.382584847446006 4464 4
"ENSG00000197530" 0.387898525882756 4526 4
"ENSG00000130766" 0.391669523483031 4570 4
"ENSG00000069424" 0.396640383956119 4628 4
"ENSG00000053371" 0.40341103873843 4707 4
"ENSG00000188976" 0.406239286938636 4740 4
"ENSG00000092847" 0.409924580047995 4783 4
"ENSG00000116670" 0.411981487829962 4807 4
"ENSG00000158828" 0.41403839561193 4831 4
"ENSG00000179743" 0.415752485430237 4851 4
"ENSG00000116863" 0.428436750085705 4999 4
"ENSG00000120942" 0.431693520740487 5037 4
"ENSG00000025800" 0.434864586904354 5074 4
"ENSG00000121766" 0.437092903668152 5100 4
"ENSG00000176022" 0.445406239286939 5197 4
"ENSG00000130939" 0.44960575934179 5246 4
"ENSG00000186501" 0.450377099760027 5255 4
"ENSG00000162408" 0.456033596160439 5321 4
"ENSG00000198793" 0.456119300651354 5322 4
"ENSG00000117298" 0.458519026396983 5350 4
"ENSG00000117640" 0.462290023997257 5394 4
"ENSG00000053372" 0.464004113815564 5414 4
"ENSG00000177000" 0.464689749742887 5422 4
"ENSG00000180098" 0.469146383270483 5474 4
"ENSG00000132879" 0.471288995543367 5499 4
"ENSG00000134698" 0.471717517997943 5504 4
"ENSG00000116285" 0.471803222488858 5505 4
"ENSG00000058453" 0.476259856016455 5557 4
"ENSG00000142751" 0.477545423380185 5572 4
"ENSG00000117305" 0.485601645526226 5666 4
"ENSG00000179051" 0.486972917380871 5682 4
"ENSG00000171603" 0.499057250599931 5823 4
"ENSG00000120656" 0.505227973945835 5895 4
"ENSG00000116213" 0.508913267055194 5938 4
"ENSG00000198746" 0.513112787110045 5987 4
"ENSG00000184677" 0.514055536510113 5998 4
"ENSG00000134684" 0.515341103873843 6013 4
"ENSG00000177674" 0.517740829619472 6041 4
"ENSG00000188822" 0.521940349674323 6090 4
"ENSG00000169504" 0.523311621528968 6106 4
"ENSG00000189339" 0.530253685293109 6187 4
"ENSG00000000938" 0.539681179293795 6297 4
"ENSG00000162413" 0.540452519712033 6306 4
"ENSG00000162441" 0.540538224202948 6307 4
"ENSG00000175087" 0.545337675694206 6363 4
"ENSG00000186056" 0.547223174494344 6385 4
"ENSG00000188290" 0.551336990058279 6433 4
"ENSG00000142687" 0.551936921494686 6440 4
"ENSG00000169991" 0.554850874185807 6474 4
"ENSG00000048707" 0.555793623585876 6485 4
"ENSG00000272106" 0.559907439149811 6533 4
"ENSG00000162419" 0.560164552622557 6536 4
"ENSG00000204178" 0.567020911895783 6616 4
"ENSG00000116771" 0.568135070277683 6629 4
"ENSG00000179163" 0.578162495714775 6746 4
"ENSG00000090020" 0.578933836133013 6755 4
"ENSG00000126705" 0.580819334933151 6777 4
"ENSG00000090432" 0.588447034624614 6866 4
"ENSG00000116497" 0.59916009598903 6991 4
"ENSG00000116661" 0.600102845389098 7002 4
"ENSG00000197056" 0.600874185807336 7011 4
"ENSG00000231105" 0.601474117243744 7018 4
"ENSG00000149527" 0.603959547480288 7047 4
"ENSG00000285646" 0.605845046280425 7069 4
"ENSG00000160050" 0.609101816935207 7107 4
"ENSG00000011021" 0.612015769626328 7141 4
"ENSG00000142686" 0.614844017826534 7174 4
"ENSG00000219481" 0.616643812135756 7195 4
"ENSG00000116138" 0.616815221117587 7197 4
"ENSG00000157911" 0.617243743572163 7202 4
"ENSG00000158062" 0.621443263627014 7251 4
"ENSG00000238164" 0.625214261227288 7295 4
"ENSG00000054523" 0.62572848817278 7301 4
"ENSG00000197312" 0.627956804936579 7327 4
"ENSG00000157881" 0.628899554336647 7338 4
"ENSG00000132906" 0.631384984573192 7367 4
"ENSG00000121775" 0.633013369900583 7386 4
"ENSG00000160055" 0.635841618100788 7419 4
"ENSG00000049246" 0.63618443606445 7423 4
"ENSG00000131584" 0.638498457319164 7450 4
"ENSG00000225880" 0.641669523483031 7487 4
"ENSG00000236810" 0.647411724374357 7554 4
"ENSG00000001461" 0.649897154610902 7583 4
"ENSG00000160094" 0.650497086047309 7590 4
"ENSG00000049245" 0.659324648611587 7693 4
"ENSG00000162520" 0.660267398011656 7704 4
"ENSG00000235169" 0.664638327048337 7755 4
"ENSG00000067606" 0.665666780939321 7767 4
"ENSG00000134686" 0.666009598902983 7771 4
"ENSG00000116273" 0.66678093932122 7780 4
"ENSG00000228794" 0.666866643812136 7781 4
"ENSG00000116786" 0.667123757284882 7784 4
"ENSG00000237491" 0.670123414466918 7819 4
"ENSG00000117308" 0.6733801851217 7857 4
"ENSG00000007923" 0.676037024340075 7888 4
"ENSG00000116685" 0.680579362358588 7941 4
"ENSG00000009780" 0.684950291395269 7992 4
"ENSG00000083444" 0.697120329105245 8134 4
"ENSG00000233954" 0.699348645869044 8160 4
"ENSG00000116353" 0.699605759341789 8163 4
"ENSG00000142733" 0.69977716832362 8165 4
"ENSG00000130940" 0.701491258141927 8185 4
"ENSG00000116151" 0.706890641069592 8248 4
"ENSG00000158109" 0.708690435378814 8269 4
"ENSG00000142920" 0.715032567706548 8343 4
"ENSG00000224051" 0.715975317106616 8354 4
"ENSG00000142583" 0.717860815906753 8376 4
"ENSG00000001460" 0.72360301679808 8443 4
"ENSG00000084652" 0.72617415152554 8473 4
"ENSG00000171621" 0.726345560507371 8475 4
"ENSG00000198912" 0.727202605416524 8485 4
"ENSG00000224870" 0.728745286253 8503 4
"ENSG00000169972" 0.730373671580391 8522 4
"ENSG00000197785" 0.73148782996229 8535 4
"ENSG00000117751" 0.731830647925951 8539 4
"ENSG00000049239" 0.734658896126157 8572 4
"ENSG00000159423" 0.734744600617072 8573 4
"ENSG00000169914" 0.748200205690778 8730 4
"ENSG00000142632" 0.748800137127185 8737 4
"ENSG00000116525" 0.750771340418238 8760 4
"ENSG00000163867" 0.758484744600617 8850 4
"ENSG00000040487" 0.778282482002057 9081 4
"ENSG00000204160" 0.779568049365787 9096 4
"ENSG00000127463" 0.781025025711347 9113 4
"ENSG00000173614" 0.78171066163867 9121 4
"ENSG00000158825" 0.781796366129585 9121 4
"ENSG00000130695" 0.785567363729859 9166 4
"ENSG00000107404" 0.788652725402811 9202 4
"ENSG00000215014" 0.805879328076791 9403 4
"ENSG00000116688" 0.805965032567706 9403 4
"ENSG00000041988" 0.812907096331848 9485 4
"ENSG00000169403" 0.813078505313678 9487 4
"ENSG00000117682" 0.814021254713747 9498 4
"ENSG00000288398" 0.815649640041138 9517 4
"ENSG00000142798" 0.817792252314021 9542 4
"ENSG00000116544" 0.830733630442235 9693 4
"ENSG00000121900" 0.844103531025026 9849 4
"ENSG00000180758" 0.844617757970518 9855 4
"ENSG00000186891" 0.847788824134385 9892 4
"ENSG00000157870" 0.850959890298252 9929 4
"ENSG00000186827" 0.863044223517312 10070 4
"ENSG00000176092" 0.874871443263627 10208 4
"ENSG00000162482" 0.877785395954748 10242 4
"ENSG00000162591" 0.881984916009599 10291 4
"ENSG00000157978" 0.882070620500514 10291 4
"ENSG00000175206" 0.885155982173466 10328 4
"ENSG00000237301" 0.885241686664381 10328 4
"ENSG00000264443" 0.889355502228317 10377 4
"ENSG00000131591" 0.89295509084676 10419 4
"ENSG00000271746" 0.894069249228659 10432 4
"ENSG00000158161" 0.897840246828934 10476 4
"ENSG00000169641" 0.907010627356873 10583 4
"ENSG00000160072" 0.90872471717518 10603 4
"ENSG00000159363" 0.908810421666095 10603 4
"ENSG00000229388" 0.908896126157011 10603 4
"ENSG00000060642" 0.914809736030168 10674 4
"ENSG00000175279" 0.918237915666781 10714 4
"ENSG00000142794" 0.918323620157696 10714 4
"ENSG00000020129" 0.921580390812478 10753 4
"ENSG00000175707" 0.924322934521769 10785 4
"ENSG00000184163" 0.930407953376757 10856 4
"ENSG00000158286" 0.930493657867672 10856 4
"ENSG00000162430" 0.934693177922523 10906 4
"ENSG00000241860" 0.937350017140898 10937 4
"ENSG00000215790" 0.937435721631813 10937 4
"ENSG00000116514" 0.946263284196092 11041 4
"ENSG00000162572" 0.950377099760027 11089 4
"ENSG00000142655" 0.950462804250943 11089 4
"ENSG00000178585" 0.952605416523826 11115 4
"ENSG00000178828" 0.95766198148783 11174 4
"ENSG00000230368" 0.966746657524854 11280 4
"ENSG00000239636" 0.966832362015769 11280 4
"ENSG00000088280" 0.968717860815907 11303 4
"ENSG00000271989" 0.97214604045252 11343 4
"ENSG00000178821" 0.978745286253 11420 4
"ENSG00000228526" 0.978830990743915 11420 4
"ENSG00000132881" 0.97891669523483 11420 4
"ENSG00000162551" 0.984573191635242 11488 4
"ENSG00000159189" 0.988515598217346 11534 4
"ENSG00000173369" 0.988601302708262 11534 4
"ENSG00000284602" 0.988687007199177 11534 4
"ENSG00000188807" 0.991858073363044 11573 4
"ENSG00000162543" 0.991943777853959 11573 4
"ENSG00000173372" 0.992029482344875 11573 4
"ENSG00000130772" 0.99211518683579 11573 4
"ENSG00000169962" 0.996057593417895 11622 4
"ENSG00000287244" 0.99614329790881 11622 4
"ENSG00000180198" 0.996229002399726 11622 4


"gene_symbol" "cumFraction" "rank" "indicator"
"ENSG00000142676" 0.00348336862236186 51 5
"ENSG00000142669" 0.00450788880540947 66 5
"ENSG00000116251" 0.00901577761081893 132 5
"ENSG00000074800" 0.0189194727136125 277 5
"ENSG00000169442" 0.0221296359538283 324 5
"ENSG00000159189" 0.02424697766546 355 5
"ENSG00000077549" 0.0291646745440885 427 5
"ENSG00000070831" 0.0307356054914282 450 5
"ENSG00000173372" 0.0323748377843043 474 5
"ENSG00000173369" 0.0327846458575234 480 5
"ENSG00000116288" 0.0346970835325456 508 5
"ENSG00000198830" 0.0414589167406598 607 5
"ENSG00000142634" 0.0425517382692439 623 5
"ENSG00000133226" 0.0435762584522915 638 5
"ENSG00000187608" 0.048220749948774 706 5
"ENSG00000126709" 0.0489037634041391 716 5
"ENSG00000117616" 0.0520456252988184 762 5
"ENSG00000000938" 0.0534116522095485 782 5
"ENSG00000028137" 0.0536848575916946 786 5
"ENSG00000173436" 0.0545727750836691 799 5
"ENSG00000142657" 0.0684379482275801 1002 5
"ENSG00000130770" 0.0693941670650912 1016 5
"ENSG00000183726" 0.0699405778293832 1024 5
"ENSG00000160075" 0.0713066047401134 1044 5
"ENSG00000244038" 0.0780684379482276 1143 5
"ENSG00000242485" 0.0816884092616624 1196 5
"ENSG00000130775" 0.0883136397787036 1293 5
"ENSG00000078369" 0.0885185438153132 1296 5
"ENSG00000175756" 0.0892015572706782 1306 5
"ENSG00000117614" 0.0907724882180179 1329 5
"ENSG00000125944" 0.0909090909090909 1331 5
"ENSG00000188529" 0.0928898299296496 1360 5
"ENSG00000158195" 0.0932996380028687 1366 5
"ENSG00000169403" 0.0933679393484051 1367 5
"ENSG00000171735" 0.0936411447305512 1371 5
"ENSG00000117318" 0.0954852810600369 1398 5
"ENSG00000090273" 0.100129772556519 1466 5
"ENSG00000078808" 0.100744484666348 1475 5
"ENSG00000127483" 0.100812786011884 1476 5
"ENSG00000126698" 0.104296154634246 1527 5
"ENSG00000189266" 0.108394235366437 1587 5
"ENSG00000157916" 0.11105798784236 1626 5
"ENSG00000169504" 0.11419984973704 1672 5
"ENSG00000171729" 0.116522095485281 1706 5
"ENSG00000065526" 0.117751519704938 1724 5
"ENSG00000097021" 0.118639437196913 1737 5
"ENSG00000162585" 0.118980943924595 1742 5
"ENSG00000020633" 0.126152585205929 1847 5
"ENSG00000157873" 0.126357489242538 1850 5
"ENSG00000127481" 0.130592172665802 1912 5
"ENSG00000179051" 0.138515128748036 2028 5
"ENSG00000117713" 0.141588689297179 2073 5
"ENSG00000117118" 0.143706031008811 2104 5
"ENSG00000069424" 0.15115087767229 2213 5
"ENSG00000117758" 0.153609726111604 2249 5
"ENSG00000116649" 0.156546683969674 2292 5
"ENSG00000117676" 0.167406597909979 2451 5
"ENSG00000116670" 0.171709582678779 2514 5
"ENSG00000116691" 0.173485417662728 2540 5
"ENSG00000157191" 0.18830680964415 2757 5
"ENSG00000049245" 0.190424151355782 2788 5
"ENSG00000075151" 0.193702615941534 2836 5
"ENSG00000221978" 0.195819957653166 2867 5
"ENSG00000055070" 0.205928556792569 3015 5
"ENSG00000120948" 0.209958336179223 3074 5
"ENSG00000171612" 0.212007376545318 3104 5
"ENSG00000228794" 0.215080937094461 3149 5
"ENSG00000011009" 0.220818250119527 3233 5
"ENSG00000178585" 0.221637866265965 3245 5
"ENSG00000177674" 0.226897069872276 3322 5
"ENSG00000127054" 0.228604603510689 3347 5
"ENSG00000116663" 0.238508298613483 3492 5
"ENSG00000157933" 0.240557338979578 3522 5
"ENSG00000238142" 0.240830544361724 3526 5
"ENSG00000142599" 0.241923365890308 3542 5
"ENSG00000180758" 0.243016187418892 3558 5
"ENSG00000008130" 0.245611638549279 3596 5
"ENSG00000177000" 0.24834369237074 3636 5
"ENSG00000204138" 0.253739498668124 3715 5
"ENSG00000057757" 0.254217608086879 3722 5
"ENSG00000053371" 0.255447032306536 3740 5
"ENSG00000142684" 0.255720237688682 3744 5
"ENSG00000171608" 0.268629191995082 3933 5
"ENSG00000186827" 0.268697493340619 3934 5
"ENSG00000090686" 0.270746533706714 3964 5
"ENSG00000130766" 0.270814835052251 3965 5
"ENSG00000117632" 0.272180861962981 3985 5
"ENSG00000116731" 0.274093299638003 4013 5
"ENSG00000117115" 0.280513626118435 4107 5
"ENSG00000158062" 0.281333242264873 4119 5
"ENSG00000188976" 0.290690526603374 4256 5
"ENSG00000160087" 0.291919950823031 4274 5
"ENSG00000008128" 0.296769346356123 4345 5
"ENSG00000162441" 0.30093572843385 4406 5
"ENSG00000117640" 0.304077590328529 4452 5
"ENSG00000171824" 0.305170411857114 4468 5
"ENSG00000158161" 0.308517177788402 4517 5
"ENSG00000116198" 0.30933679393484 4529 5
"ENSG00000171603" 0.310771122191107 4550 5
"ENSG00000188290" 0.311249231609863 4557 5
"ENSG00000198912" 0.312615258520593 4577 5
"ENSG00000117602" 0.313093367939348 4584 5
"ENSG00000116213" 0.317328051362612 4646 5
"ENSG00000117748" 0.330032101632402 4832 5
"ENSG00000248333" 0.341506727682535 5000 5
"ENSG00000162496" 0.342258042483437 5011 5
"ENSG00000116786" 0.347653848780821 5090 5
"ENSG00000053372" 0.34942968376477 5116 5
"ENSG00000083444" 0.352503244313913 5161 5
"ENSG00000197530" 0.368622361860529 5397 5
"ENSG00000049246" 0.372037429137354 5447 5
"ENSG00000007923" 0.373403456048084 5467 5
"ENSG00000116809" 0.374359674885595 5481 5
"ENSG00000004487" 0.37640871525169 5511 5
"ENSG00000142621" 0.378594358308859 5543 5
"ENSG00000037637" 0.378867563691005 5547 5
"ENSG00000116685" 0.380233590601735 5567 5
"ENSG00000048707" 0.380301891947271 5568 5
"ENSG00000117305" 0.38228263096783 5597 5
"ENSG00000054523" 0.382897343077659 5606 5
"ENSG00000169641" 0.384809780752681 5634 5
"ENSG00000179743" 0.388634656102725 5690 5
"ENSG00000198793" 0.390000683013455 5710 5
"ENSG00000116688" 0.398811556587665 5839 5
"ENSG00000011007" 0.399767775425176 5853 5
"ENSG00000160049" 0.404548869612731 5923 5
"ENSG00000186501" 0.412130318967284 6034 5
"ENSG00000162413" 0.413359743186941 6052 5
"ENSG00000179163" 0.416774810463766 6102 5
"ENSG00000157911" 0.422785328870979 6190 5
"ENSG00000117308" 0.424970971928147 6222 5
"ENSG00000132906" 0.427156614985315 6254 5
"ENSG00000160072" 0.431391298408579 6316 5
"ENSG00000011021" 0.43214261320948 6327 5
"ENSG00000116237" 0.43234751724609 6330 5
"ENSG00000142784" 0.433440338774674 6346 5
"ENSG00000204859" 0.434806365685404 6366 5
"ENSG00000176022" 0.435762584522915 6380 5
"ENSG00000162408" 0.436377296632744 6389 5
"ENSG00000074964" 0.437060310088109 6399 5
"ENSG00000130939" 0.439655761218496 6437 5
"ENSG00000204178" 0.441226692165836 6460 5
"ENSG00000142655" 0.442592719076566 6480 5
"ENSG00000197785" 0.443070828495321 6487 5
"ENSG00000120942" 0.444027047332832 6501 5
"ENSG00000272449" 0.445461375589099 6522 5
"ENSG00000197312" 0.463356328119664 6784 5
"ENSG00000224870" 0.46793251827061 6851 5
"ENSG00000162430" 0.478792432210914 7010 5
"ENSG00000184677" 0.479133938938597 7015 5
"ENSG00000198746" 0.481592787377911 7051 5
"ENSG00000040487" 0.48200259545113 7057 5
"ENSG00000130764" 0.4849395533092 7100 5
"ENSG00000188157" 0.485212758691346 7104 5
"ENSG00000142765" 0.49060856498873 7183 5
"ENSG00000169972" 0.495457960521822 7254 5
"ENSG00000127463" 0.505634861006762 7403 5
"ENSG00000116285" 0.510347653848781 7472 5
"ENSG00000117751" 0.514035926507752 7526 5
"ENSG00000186891" 0.520046444914965 7614 5
"ENSG00000180198" 0.526125264667714 7703 5
"ENSG00000142751" 0.526944880814152 7715 5
"ENSG00000158828" 0.533775015367803 7815 5
"ENSG00000131697" 0.535619151697288 7842 5
"ENSG00000049249" 0.542859094324158 7948 5
"ENSG00000132879" 0.543542107779523 7958 5
"ENSG00000131584" 0.544156819889352 7967 5
"ENSG00000041988" 0.54654736698313 8002 5
"ENSG00000126705" 0.548528106003688 8031 5
"ENSG00000189339" 0.549757530223345 8049 5
"ENSG00000049239" 0.549962434259955 8052 5
"ENSG00000272512" 0.551328461170685 8072 5
"ENSG00000185436" 0.55651936343146 8148 5
"ENSG00000224051" 0.559661225326139 8194 5
"ENSG00000090020" 0.560480841472577 8206 5
"ENSG00000233954" 0.563007991257428 8243 5
"ENSG00000058453" 0.568130592172666 8318 5
"ENSG00000204219" 0.577556177856704 8456 5
"ENSG00000009780" 0.581654258588894 8516 5
"ENSG00000001461" 0.585957243357694 8579 5
"ENSG00000225880" 0.587323270268424 8599 5
"ENSG00000158156" 0.595041322314049 8712 5
"ENSG00000090432" 0.595519431732805 8719 5
"ENSG00000158109" 0.602212963595383 8817 5
"ENSG00000237491" 0.602349566286456 8819 5
"ENSG00000169991" 0.602417867631992 8820 5
"ENSG00000204160" 0.603783894542722 8840 5
"ENSG00000060642" 0.606584249709719 8881 5
"ENSG00000157881" 0.611160439860665 8948 5
"ENSG00000162542" 0.611775151970494 8957 5
"ENSG00000116138" 0.615804931357148 9016 5
"ENSG00000117682" 0.618946793251827 9062 5
"ENSG00000130695" 0.626050133187624 9166 5
"ENSG00000173614" 0.626801447988525 9177 5
"ENSG00000219481" 0.629533501809986 9217 5
"ENSG00000218510" 0.629738405846595 9220 5
"ENSG00000175147" 0.636773444436855 9323 5
"ENSG00000157978" 0.638002868656512 9341 5
"ENSG00000117298" 0.638822484802951 9353 5
"ENSG00000238164" 0.646950344921795 9472 5
"ENSG00000236266" 0.66484529745236 9734 5
"ENSG00000169914" 0.669694692985452 9805 5
"ENSG00000158006" 0.669762994330988 9806 5
"ENSG00000175087" 0.676934635612321 9911 5
"ENSG00000187942" 0.679530086742709 9949 5
"ENSG00000285646" 0.680554606925756 9964 5
"ENSG00000157870" 0.683081756710607 10001 5
"ENSG00000284747" 0.683286660747217 10004 5
"ENSG00000107404" 0.683491564783826 10007 5
"ENSG00000130768" 0.684379482275801 10020 5
"ENSG00000116273" 0.686770029369579 10055 5
"ENSG00000187583" 0.686838330715115 10056 5
"ENSG00000131591" 0.687589645516017 10067 5
"ENSG00000272106" 0.690390000683013 10108 5
"ENSG00000162591" 0.692917150467864 10145 5
"ENSG00000236782" 0.693122054504474 10148 5
"ENSG00000236528" 0.694829588142886 10173 5
"ENSG00000142733" 0.69612731370808 10192 5
"ENSG00000272426" 0.697220135236664 10208 5
"ENSG00000067606" 0.706645720920702 10346 5
"ENSG00000181773" 0.71040229492521 10401 5
"ENSG00000272004" 0.718052045625299 10513 5
"ENSG00000230424" 0.724882180178949 10613 5
"ENSG00000130940" 0.728160644764702 10661 5
"ENSG00000188672" 0.731439109350454 10709 5
"ENSG00000228150" 0.7360152995014 10776 5
"ENSG00000236810" 0.741206201762175 10852 5
"ENSG00000142798" 0.742845434055051 10876 5
"ENSG00000175279" 0.744621269039 10902 5
"ENSG00000001460" 0.750426883409603 10987 5
"ENSG00000215788" 0.754046854723038 11040 5
"ENSG00000169598" 0.756915511235571 11082 5
"ENSG00000158825" 0.7618332081142 11154 5
"ENSG00000171621" 0.770097670924117 11275 5
"ENSG00000162438" 0.771463697834847 11295 5
"ENSG00000272482" 0.774400655692917 11338 5
"ENSG00000188807" 0.783689638685882 11474 5
"ENSG00000130772" 0.783894542722492 11477 5
"ENSG00000264443" 0.78744621269039 11529 5
"ENSG00000234546" 0.787787719418072 11534 5
"ENSG00000159339" 0.789495253056485 11559 5
"ENSG00000260179" 0.80015026296018 11715 5
"ENSG00000284602" 0.809575848644218 11853 5
"ENSG00000230368" 0.81032716344512 11864 5
"ENSG00000184163" 0.811010176900485 11874 5
"ENSG00000142748" 0.812376203811215 11894 5
"ENSG00000215014" 0.819342941055939 11996 5
"ENSG00000224969" 0.820367461238986 12011 5
"ENSG00000158292" 0.845229151014275 12375 5
"ENSG00000159363" 0.848507615600027 12423 5
"ENSG00000173641" 0.851444573458097 12466 5
"ENSG00000175793" 0.858206406666211 12565 5
"ENSG00000162426" 0.863397308926986 12641 5
"ENSG00000162444" 0.863465610272522 12641 5
"ENSG00000117245" 0.870705552899392 12748 5
"ENSG00000285752" 0.870773854244929 12748 5
"ENSG00000215790" 0.8744621269039 12803 5
"ENSG00000228140" 0.874530428249436 12804 5
"ENSG00000236423" 0.881906973567379 12912 5
"ENSG00000235098" 0.8830680964415 12929 5
"ENSG00000132881" 0.884297520661157 12947 5
"ENSG00000261025" 0.884502424697767 12950 5
"ENSG00000142583" 0.888327300047811 13006 5
"ENSG00000142632" 0.889761628304077 13027 5
"ENSG00000228172" 0.890034833686223 13031 5
"ENSG00000187961" 0.890991052523735 13045 5
"ENSG00000162461" 0.892015572706782 13060 5
"ENSG00000159423" 0.8959770507479 13118 5
"ENSG00000197245" 0.903490198756915 13228 5
"ENSG00000228594" 0.907998087562325 13294 5
"ENSG00000285701" 0.908066388907861 13294 5
"ENSG00000049247" 0.910388634656103 13329 5
"ENSG00000230068" 0.910456936001639 13329 5
"ENSG00000227066" 0.912164469640052 13355 5
"ENSG00000116151" 0.928966600642033 13601 5
"ENSG00000117242" 0.932449969264394 13652 5
"ENSG00000287356" 0.937094460760877 13720 5
"ENSG00000228397" 0.939416706509118 13754 5
"ENSG00000284744" 0.94269517109487 13802 5
"ENSG00000215915" 0.944539307424356 13829 5
"ENSG00000149527" 0.946588347790451 13859 5
"ENSG00000120949" 0.948227580083328 13883 5
"ENSG00000069812" 0.953828290417321 13965 5
"ENSG00000142675" 0.954511303872686 13975 5
"ENSG00000231105" 0.960521822279899 14063 5
"ENSG00000249087" 0.960590123625435 14063 5
"ENSG00000184454" 0.963663684174578 14109 5
"ENSG00000271746" 0.96578102588621 14140 5
"ENSG00000175262" 0.967420258179086 14164 5
"ENSG00000169962" 0.972611160439861 14240 5
"ENSG00000273443" 0.973567379277372 14254 5
"ENSG00000162490" 0.975957926371149 14289 5
"ENSG00000158286" 0.984632197254286 14416 5
"ENSG00000271742" 0.989140086059695 14482 5
"ENSG00000272235" 0.99276005737313 14535 5
"ENSG00000187017" 0.994740796393689 14564 5
"ENSG00000178821" 0.996789836759784 14594 5
"ENSG00000253368" 0.996858138105321 14594 5
"ENSG00000235169" 0.998224165016051 14615 5
"ENSG00000188822" 0.998292466361587 14615 5


